       t   Mean-Field Energy       PE Difference        Total Energy                norm
  0.0000        0.2148034625        0.0009244185        0.2551783073        1.0000000000
  0.5000        0.2143942388        0.0009484877        0.2551783066        1.0000000000
  1.0000        0.2139771401        0.0009723433        0.2551783058        1.0000000001
  1.5000        0.2135527557        0.0009954018        0.2551783051        1.0000000001
  2.0000        0.2131216557        0.0010170998        0.2551783045        1.0000000002
  2.5000        0.2126843760        0.0010369096        0.2551783039        1.0000000004
  3.0000        0.2122414044        0.0010543525        0.2551783033        1.0000000005
  3.5000        0.2117931677        0.0010690117        0.2551783029        1.0000000007
  4.0000        0.2113400217        0.0010805425        0.2551783026        1.0000000008
  4.5000        0.2108822422        0.0010886808        0.2551783023        1.0000000010
  5.0000        0.2104200194        0.0010932489        0.2551783022        1.0000000011
  5.5000        0.2099534541        0.0010941588        0.2551783022        1.0000000012
  6.0000        0.2094825572        0.0010914127        0.2551783023        1.0000000013
  6.5000        0.2090072512        0.0010851014        0.2551783025        1.0000000014
  7.0000        0.2085273747        0.0010753994        0.2551783028        1.0000000014
  7.5000        0.2080426889        0.0010625585        0.2551783032        1.0000000014
  8.0000        0.2075528863        0.0010468988        0.2551783037        1.0000000014
  8.5000        0.2070576009        0.0010287981        0.2551783042        1.0000000013
  9.0000        0.2065564203        0.0010086804        0.2551783048        1.0000000013
  9.5000        0.2060488982        0.0009870028        0.2551783054        1.0000000012
 10.0000        0.2055345675        0.0009642421        0.2551783060        1.0000000011
 10.5000        0.2050129537        0.0009408818        0.2551783066        1.0000000009
 11.0000        0.2044835884        0.0009173984        0.2551783071        1.0000000008
 11.5000        0.2039460210        0.0008942499        0.2551783077        1.0000000007
 12.0000        0.2033998304        0.0008718634        0.2551783081        1.0000000005
 12.5000        0.2028446352        0.0008506263        0.2551783086        1.0000000004
 13.0000        0.2022801016        0.0008308769        0.2551783089        1.0000000003
 13.5000        0.2017059506        0.0008128986        0.2551783092        1.0000000002
 14.0000        0.2011219620        0.0007969150        0.2551783094        1.0000000002
 14.5000        0.2005279781        0.0007830872        0.2551783095        1.0000000001
 15.0000        0.1999239035        0.0007715134        0.2551783095        1.0000000001
 15.5000        0.1993097045        0.0007622302        0.2551783095        1.0000000001
 16.0000        0.1986854060        0.0007552152        0.2551783094        1.0000000001
 16.5000        0.1980510868        0.0007503926        0.2551783092        1.0000000002
 17.0000        0.1974068738        0.0007476386        0.2551783090        1.0000000003
 17.5000        0.1967529345        0.0007467889        0.2551783087        1.0000000004
 18.0000        0.1960894691        0.0007476473        0.2551783085        1.0000000005
 18.5000        0.1954167017        0.0007499938        0.2551783082        1.0000000006
 19.0000        0.1947348714        0.0007535943        0.2551783078        1.0000000007
 19.5000        0.1940442236        0.0007582091        0.2551783075        1.0000000008
 20.0000        0.1933450009        0.0007636017        0.2551783072        1.0000000009
 20.5000        0.1926374354        0.0007695470        0.2551783070        1.0000000010
 21.0000        0.1919217414        0.0007758381        0.2551783067        1.0000000011
 21.5000        0.1911981095        0.0007822929        0.2551783065        1.0000000012
 22.0000        0.1904667017        0.0007887584        0.2551783064        1.0000000012
 22.5000        0.1897276476        0.0007951145        0.2551783063        1.0000000013
 23.0000        0.1889810427        0.0008012759        0.2551783062        1.0000000013
 23.5000        0.1882269478        0.0008071925        0.2551783061        1.0000000013
 24.0000        0.1874653897        0.0008128489        0.2551783062        1.0000000013
 24.5000        0.1866963635        0.0008182616        0.2551783062        1.0000000012
 25.0000        0.1859198359        0.0008234760        0.2551783063        1.0000000012
 25.5000        0.1851357502        0.0008285613        0.2551783064        1.0000000011
 26.0000        0.1843440314        0.0008336054        0.2551783065        1.0000000010
 26.5000        0.1835445925        0.0008387086        0.2551783066        1.0000000009
 27.0000        0.1827373408        0.0008439770        0.2551783067        1.0000000008
 27.5000        0.1819221854        0.0008495154        0.2551783068        1.0000000007
 28.0000        0.1810990432        0.0008554213        0.2551783069        1.0000000006
 28.5000        0.1802678459        0.0008617776        0.2551783070        1.0000000005
 29.0000        0.1794285457        0.0008686471        0.2551783070        1.0000000005
 29.5000        0.1785811210        0.0008760673        0.2551783070        1.0000000004
 30.0000        0.1777255803        0.0008840457        0.2551783069        1.0000000003
 30.5000        0.1768619660        0.0008925570        0.2551783068        1.0000000003
 31.0000        0.1759903563        0.0009015404        0.2551783067        1.0000000003
 31.5000        0.1751108666        0.0009108990        0.2551783065        1.0000000002
 32.0000        0.1742236488        0.0009205002        0.2551783063        1.0000000002
 32.5000        0.1733288901        0.0009301770        0.2551783060        1.0000000003
 33.0000        0.1724268105        0.0009397309        0.2551783057        1.0000000003
 33.5000        0.1715176582        0.0009489360        0.2551783054        1.0000000003
 34.0000        0.1715621890        0.0000001495        0.2551783052        1.0000000004
 34.5000        0.1706516884        0.0000010677        0.2551783052        1.0000000004
 35.0000        0.1697329785        0.0000028246        0.2551783052        1.0000000005
 35.5000        0.1688060867        0.0000054120        0.2551783051        1.0000000006
 36.0000        0.1678710528        0.0000088096        0.2551783051        1.0000000007
 36.5000        0.1669279288        0.0000129856        0.2551783050        1.0000000007
 37.0000        0.1659767781        0.0000178976        0.2551783049        1.0000000008
 37.5000        0.1650176749        0.0000234935        0.2551783048        1.0000000009
 38.0000        0.1640507024        0.0000297125        0.2551783047        1.0000000009
 38.5000        0.1630759527        0.0000364862        0.2551783046        1.0000000010
 39.0000        0.1620935244        0.0000437405        0.2551783044        1.0000000010
 39.5000        0.1611035219        0.0000513964        0.2551783043        1.0000000011
 40.0000        0.1601060539        0.0000593718        0.2551783042        1.0000000011
 40.5000        0.1591012317        0.0000675830        0.2551783040        1.0000000011
 41.0000        0.1580891680        0.0000759459        0.2551783039        1.0000000011
 41.5000        0.1570699756        0.0000843776        0.2551783038        1.0000000011
 42.0000        0.1560437659        0.0000927976        0.2551783036        1.0000000011
 42.5000        0.1550106476        0.0001011291        0.2551783035        1.0000000011
 43.0000        0.1539707262        0.0001093002        0.2551783034        1.0000000011
 43.5000        0.1529241024        0.0001172445        0.2551783033        1.0000000010
 44.0000        0.1518708715        0.0001249024        0.2551783032        1.0000000010
 44.5000        0.1508111231        0.0001322215        0.2551783031        1.0000000009
 45.0000        0.1497449402        0.0001391570        0.2551783030        1.0000000009
 45.5000        0.1486723989        0.0001456722        0.2551783029        1.0000000008
 46.0000        0.1475935686        0.0001517386        0.2551783028        1.0000000008
 46.5000        0.1465085118        0.0001573360        0.2551783028        1.0000000007
 47.0000        0.1454172843        0.0001624521        0.2551783027        1.0000000007
 47.5000        0.1443199353        0.0001670825        0.2551783027        1.0000000006
 48.0000        0.1432165083        0.0001712301        0.2551783026        1.0000000006
 48.5000        0.1421070412        0.0001749047        0.2551783026        1.0000000006
 49.0000        0.1409915673        0.0001781223        0.2551783026        1.0000000005
 49.5000        0.1398701154        0.0001809045        0.2551783025        1.0000000005
 50.0000        0.1387427115        0.0001832779        0.2551783025        1.0000000005
 50.5000        0.1376093787        0.0001852731        0.2551783025        1.0000000005
 51.0000        0.1364701386        0.0001869241        0.2551783025        1.0000000004
 51.5000        0.1353250118        0.0001882675        0.2551783025        1.0000000004
 52.0000        0.1341740188        0.0001893417        0.2551783024        1.0000000004
 52.5000        0.1330171807        0.0001901864        0.2551783024        1.0000000004
 53.0000        0.1318545201        0.0001908420        0.2551783024        1.0000000005
 53.5000        0.1306860615        0.0001913486        0.2551783024        1.0000000005
 54.0000        0.1295118319        0.0001917460        0.2551783024        1.0000000005
 54.5000        0.1283318615        0.0001920732        0.2551783023        1.0000000005
 55.0000        0.1271461839        0.0001923677        0.2551783023        1.0000000005
 55.5000        0.1259548365        0.0001926658        0.2551783022        1.0000000006
 56.0000        0.1247578608        0.0001930023        0.2551783022        1.0000000006
 56.5000        0.1235553024        0.0001934103        0.2551783021        1.0000000006
 57.0000        0.1223472113        0.0001939213        0.2551783021        1.0000000006
 57.5000        0.1211336415        0.0001945655        0.2551783020        1.0000000007
 58.0000        0.1199146514        0.0001953720        0.2551783020        1.0000000007
 58.5000        0.1186903034        0.0001963688        0.2551783019        1.0000000007
 59.0000        0.1174606635        0.0001975836        0.2551783018        1.0000000007
 59.5000        0.1162258014        0.0001990439        0.2551783017        1.0000000008
 60.0000        0.1149857901        0.0002007773        0.2551783016        1.0000000008
 60.5000        0.1137407056        0.0002028124        0.2551783016        1.0000000008
 61.0000        0.1124906263        0.0002051789        0.2551783015        1.0000000008
 61.5000        0.1112356333        0.0002079085        0.2551783014        1.0000000008
 62.0000        0.1099758095        0.0002110350        0.2551783013        1.0000000009
 62.5000        0.1087112394        0.0002145949        0.2551783012        1.0000000009
 63.0000        0.1074420093        0.0002186282        0.2551783011        1.0000000009
 63.5000        0.1061682063        0.0002231784        0.2551783010        1.0000000009
 64.0000        0.1048899188        0.0002282931        0.2551783009        1.0000000009
 64.5000        0.1036072361        0.0002340245        0.2551783008        1.0000000009
 65.0000        0.1023202482        0.0002404295        0.2551783007        1.0000000009
 65.5000        0.1010290457        0.0002475704        0.2551783006        1.0000000009
 66.0000        0.0997337204        0.0002555145        0.2551783005        1.0000000009
 66.5000        0.0984343646        0.0002643350        0.2551783004        1.0000000009
 67.0000        0.0971310719        0.0002741106        0.2551783003        1.0000000009
 67.5000        0.0958239371        0.0002849260        0.2551783002        1.0000000009
 68.0000        0.0945130563        0.0002968717        0.2551783001        1.0000000009
 68.5000        0.0931985278        0.0003100441        0.2551783000        1.0000000009
 69.0000        0.0918804520        0.0003245455        0.2551782999        1.0000000009
 69.5000        0.0905589319        0.0003404842        0.2551782997        1.0000000008
 70.0000        0.0892340738        0.0003579740        0.2551782996        1.0000000008
 70.5000        0.0879059875        0.0003771348        0.2551782995        1.0000000008
 71.0000        0.0865747872        0.0003980918        0.2551782994        1.0000000008
 71.5000        0.0852405918        0.0004209759        0.2551782992        1.0000000008
 72.0000        0.0839035253        0.0004459233        0.2551782991        1.0000000008
 72.5000        0.0825637180        0.0004730754        0.2551782989        1.0000000008
 73.0000        0.0812213067        0.0005025792        0.2551782988        1.0000000008
 73.5000        0.0798764351        0.0005345863        0.2551782986        1.0000000008
 74.0000        0.0785292551        0.0005692540        0.2551782984        1.0000000008
 74.5000        0.0771799265        0.0006067442        0.2551782982        1.0000000008
 75.0000        0.0758286182        0.0006472243        0.2551782980        1.0000000007
 75.5000        0.0744755087        0.0006908665        0.2551782978        1.0000000007
 76.0000        0.0731207862        0.0007378486        0.2551782976        1.0000000007
 76.5000        0.0717646495        0.0007883534        0.2551782974        1.0000000007
 77.0000        0.0704073085        0.0008425694        0.2551782971        1.0000000007
 77.5000        0.0690489841        0.0009006908        0.2551782968        1.0000000007
 78.0000        0.0676899092        0.0009629177        0.2551782966        1.0000000007
 78.5000        0.0663303286        0.0010294562        0.2551782963        1.0000000007
 79.0000        0.0649704995        0.0011005189        0.2551782960        1.0000000007
 79.5000        0.0636106919        0.0011763251        0.2551782956        1.0000000007
 80.0000        0.0622511884        0.0012571008        0.2551782953        1.0000000007
 80.5000        0.0608922849        0.0013430795        0.2551782949        1.0000000007
 81.0000        0.0595342902        0.0014345016        0.2551782946        1.0000000007
 81.5000        0.0581775265        0.0015316156        0.2551782942        1.0000000007
 82.0000        0.0568223293        0.0016346772        0.2551782938        1.0000000007
 82.5000        0.0554690476        0.0017439501        0.2551782934        1.0000000007
 83.0000        0.0541180436        0.0018597056        0.2551782929        1.0000000007
 83.5000        0.0527696927        0.0019822224        0.2551782925        1.0000000007
 84.0000        0.0514243838        0.0021117866        0.2551782920        1.0000000007
 84.5000        0.0500825187        0.0022486907        0.2551782915        1.0000000007
 85.0000        0.0487445122        0.0023932333        0.2551782910        1.0000000007
 85.5000        0.0474107921        0.0025457182        0.2551782905        1.0000000007
 86.0000        0.0460817986        0.0027064529        0.2551782900        1.0000000007
 86.5000        0.0447579844        0.0028757476        0.2551782895        1.0000000007
 87.0000        0.0434398146        0.0030539131        0.2551782889        1.0000000007
 87.5000        0.0421277658        0.0032412592        0.2551782884        1.0000000007
 88.0000        0.0408223268        0.0034380918        0.2551782878        1.0000000007
 88.5000        0.0395239974        0.0036447105        0.2551782872        1.0000000007
 89.0000        0.0382332886        0.0038614056        0.2551782866        1.0000000007
 89.5000        0.0369507221        0.0040884543        0.2551782860        1.0000000007
 90.0000        0.0356768298        0.0043261176        0.2551782854        1.0000000007
 90.5000        0.0344121539        0.0045746353        0.2551782847        1.0000000007
 91.0000        0.0331572459        0.0048342226        0.2551782841        1.0000000007
 91.5000        0.0319126665        0.0051050648        0.2551782834        1.0000000007
 92.0000        0.0306789853        0.0053873131        0.2551782828        1.0000000007
 92.5000        0.0294567799        0.0056810790        0.2551782821        1.0000000007
 93.0000        0.0282466354        0.0059864302        0.2551782814        1.0000000007
 93.5000        0.0270491445        0.0063033850        0.2551782808        1.0000000007
 94.0000        0.0258649060        0.0066319082        0.2551782801        1.0000000007
 94.5000        0.0246945248        0.0069719063        0.2551782794        1.0000000007
 95.0000        0.0235386111        0.0073232236        0.2551782787        1.0000000007
 95.5000        0.0223977793        0.0076856385        0.2551782780        1.0000000007
 96.0000        0.0212726479        0.0080588610        0.2551782773        1.0000000007
 96.5000        0.0201638379        0.0084425298        0.2551782765        1.0000000007
 97.0000        0.0190719725        0.0088362111        0.2551782758        1.0000000007
 97.5000        0.0179976760        0.0092393981        0.2551782751        1.0000000007
 98.0000        0.0169415725        0.0096515109        0.2551782744        1.0000000007
 98.5000        0.0159042850        0.0100718979        0.2551782737        1.0000000007
 99.0000        0.0148864345        0.0104998376        0.2551782730        1.0000000007
 99.5000        0.0138886382        0.0109345420        0.2551782723        1.0000000007
100.0000        0.0129115085        0.0113751596        0.2551782717        1.0000000007
100.5000        0.0119556517        0.0118207810        0.2551782710        1.0000000007
101.0000        0.0110216662        0.0121293513        0.2551782703        1.0000000007
101.5000        0.0101101410        0.0110802353        0.2551782697        1.0000000007
102.0000        0.0092216544        0.0100535994        0.2551782690        1.0000000007
102.5000        0.0083567715        0.0090499752        0.2551782684        1.0000000007
103.0000        0.0075160432        0.0080698807        0.2551782678        1.0000000007
103.5000        0.0067000037        0.0071138184        0.2551782673        1.0000000007
104.0000        0.0059091687        0.0061822734        0.2551782667        1.0000000007
104.5000        0.0051440331        0.0052757114        0.2551782662        1.0000000007
105.0000        0.0044050692        0.0043945771        0.2551782657        1.0000000007
105.5000        0.0036927244        0.0035392916        0.2551782653        1.0000000007
106.0000        0.0030074185        0.0027102507        0.2551782648        1.0000000007
106.5000        0.0023495418        0.0019078223        0.2551782645        1.0000000007
107.0000        0.0017194527        0.0011323443        0.2551782641        1.0000000007
107.5000        0.0011174748        0.0003841223        0.2551782638        1.0000000007
108.0000        0.0005438952        0.0003365730        0.2551782636        1.0000000007
108.5000       -0.0000010387        0.0010295081        0.2551782634        1.0000000007
109.0000       -0.0005171211        0.0016944890        0.2551782632        1.0000000007
109.5000       -0.0010041904        0.0023313638        0.2551782631        1.0000000007
110.0000       -0.0686283220        0.0000001537        0.2551782631        1.0000000007
110.5000       -0.0696534490        0.0000060286        0.2551782631        1.0000000007
111.0000       -0.0706802899        0.0000219034        0.2551782631        1.0000000007
111.5000       -0.0717088246        0.0000497678        0.2551782630        1.0000000007
112.0000       -0.0727390208        0.0000915507        0.2551782630        1.0000000007
112.5000       -0.0737708344        0.0001491110        0.2551782629        1.0000000007
113.0000       -0.0748042090        0.0002242271        0.2551782628        1.0000000008
113.5000       -0.0758390758        0.0003185874        0.2551782627        1.0000000008
114.0000       -0.0768753534        0.0004337799        0.2551782626        1.0000000008
114.5000       -0.0779129472        0.0005712821        0.2551782625        1.0000000008
115.0000       -0.0789517489        0.0007324516        0.2551782623        1.0000000008
115.5000       -0.0799916360        0.0009185164        0.2551782621        1.0000000008
116.0000       -0.0810324709        0.0011305662        0.2551782620        1.0000000008
116.5000       -0.0820740995        0.0013695451        0.2551782617        1.0000000008
117.0000       -0.0831163508        0.0016362441        0.2551782615        1.0000000008
117.5000       -0.0841590348        0.0019312961        0.2551782612        1.0000000008
118.0000       -0.0852019409        0.0022551716        0.2551782610        1.0000000008
118.5000       -0.0862448369        0.0026081755        0.2551782606        1.0000000008
119.0000       -0.0872874659        0.0029904463        0.2551782603        1.0000000008
119.5000       -0.0883295451        0.0034019564        0.2551782599        1.0000000008
120.0000       -0.0893707628        0.0038425133        0.2551782595        1.0000000009
120.5000       -0.0904107759        0.0043117632        0.2551782590        1.0000000009
121.0000       -0.0914492073        0.0048091949        0.2551782585        1.0000000009
121.5000       -0.0924856432        0.0053341454        0.2551782579        1.0000000009
122.0000       -0.0954573749        0.0078234209        0.2551782573        1.0000000009
122.5000       -0.0965160428        0.0084272235        0.2551782560        1.0000000008
123.0000       -0.0975629127        0.0090475008        0.2551782547        1.0000000008
123.5000       -0.0985969475        0.0096826114        0.2551782535        1.0000000008
124.0000       -0.0996171004        0.0103308383        0.2551782522        1.0000000008
124.5000       -0.1006223173        0.0105259124        0.2551782509        1.0000000008
125.0000       -0.1016115388        0.0093571191        0.2551782496        1.0000000008
125.5000       -0.1025837021        0.0082045787        0.2551782483        1.0000000008
126.0000       -0.1035377440        0.0070693195        0.2551782470        1.0000000008
126.5000       -0.1044726028        0.0059523707        0.2551782457        1.0000000007
127.0000       -0.1053872210        0.0048547601        0.2551782445        1.0000000007
127.5000       -0.1062805478        0.0037775111        0.2551782432        1.0000000007
128.0000       -0.1071515423        0.0027216403        0.2551782419        1.0000000007
128.5000       -0.1079991762        0.0016881544        0.2551782407        1.0000000007
129.0000       -0.1088224370        0.0006780472        0.2551782395        1.0000000007
129.5000       -0.1096203314        0.0003077039        0.2551782384        1.0000000006
130.0000       -0.1103918891        0.0012681416        0.2551782372        1.0000000006
130.5000       -0.1111361662        0.0022023325        0.2551782361        1.0000000006
131.0000       -0.1118522499        0.0031093710        0.2551782351        1.0000000006
131.5000       -0.1125392624        0.0039883845        0.2551782340        1.0000000006
132.0000       -0.1131963659        0.0048385374        0.2551782331        1.0000000006
132.5000       -0.1138227677        0.0051275379        0.2551782322        1.0000000007
133.0000       -0.1144177253        0.0043288188        0.2551782314        1.0000000007
133.5000       -0.1149805523        0.0035611226        0.2551782306        1.0000000007
134.0000       -0.1155106248        0.0028251006        0.2551782300        1.0000000007
134.5000       -0.1160073872        0.0021213359        0.2551782294        1.0000000007
135.0000       -0.1164703595        0.0014503370        0.2551782289        1.0000000007
135.5000       -0.1168991443        0.0008125299        0.2551782285        1.0000000008
136.0000       -0.1172934342        0.0002082510        0.2551782283        1.0000000008
136.5000       -0.1176530194        0.0003622606        0.2551782282        1.0000000008
137.0000       -0.1179777959        0.0008988715        0.2551782282        1.0000000008
137.5000       -0.1182677732        0.0014015620        0.2551782284        1.0000000008
138.0000       -0.1185230828        0.0018704341        0.2551782287        1.0000000008
138.5000       -0.1187439861        0.0023057199        0.2551782293        1.0000000008
139.0000       -0.1189308825        0.0027077900        0.2551782300        1.0000000008
139.5000       -0.1190843172        0.0030771608        0.2551782308        1.0000000008
140.0000       -0.1192049886        0.0034145023        0.2551782319        1.0000000007
140.5000       -0.1192937549        0.0037206450        0.2551782332        1.0000000007
141.0000       -0.1193516409        0.0039965860        0.2551782347        1.0000000007
141.5000       -0.1193798425        0.0042434946        0.2551782365        1.0000000006
142.0000       -0.1193797316        0.0044627165        0.2551782384        1.0000000006
142.5000       -0.0921992725        0.0011722474        0.2551782397        1.0000000006
143.0000       -0.0921194083        0.0012175487        0.2551782397        1.0000000006
143.5000       -0.0920403924        0.0012676650        0.2551782396        1.0000000006
144.0000       -0.0919621879        0.0013223736        0.2551782395        1.0000000006
144.5000       -0.0918847264        0.0013814305        0.2551782394        1.0000000006
145.0000       -0.0918079084        0.0014445698        0.2551782393        1.0000000006
145.5000       -0.0917316028        0.0015115032        0.2551782391        1.0000000006
146.0000       -0.0916556470        0.0015819195        0.2551782388        1.0000000006
146.5000       -0.0915798483        0.0016554848        0.2551782385        1.0000000006
147.0000       -0.0915039836        0.0017318430        0.2551782382        1.0000000006
147.5000       -0.0914278015        0.0018106163        0.2551782379        1.0000000006
148.0000       -0.0913510238        0.0018914066        0.2551782375        1.0000000007
148.5000       -0.0912733470        0.0019737969        0.2551782371        1.0000000007
149.0000       -0.0911944450        0.0020573535        0.2551782366        1.0000000007
149.5000       -0.0911139721        0.0021416284        0.2551782362        1.0000000007
150.0000       -0.0910315659        0.0022261622        0.2551782357        1.0000000007
150.5000       -0.0909468512        0.0023104874        0.2551782352        1.0000000007
151.0000       -0.0908594442        0.0023941324        0.2551782348        1.0000000007
151.5000       -0.0907689565        0.0024766256        0.2551782343        1.0000000007
152.0000       -0.0906750005        0.0025574998        0.2551782338        1.0000000007
152.5000       -0.0905771943        0.0026362977        0.2551782333        1.0000000008
153.0000       -0.0904751671        0.0027125764        0.2551782329        1.0000000008
153.5000       -0.0903685650        0.0027859133        0.2551782325        1.0000000008
154.0000       -0.0902570566        0.0028559115        0.2551782321        1.0000000008
154.5000       -0.0901403389        0.0029222055        0.2551782318        1.0000000008
155.0000       -0.0900181431        0.0029844667        0.2551782315        1.0000000008
155.5000       -0.0898902400        0.0030424089        0.2551782312        1.0000000008
156.0000       -0.0897564455        0.0030957934        0.2551782311        1.0000000008
156.5000       -0.0896166253        0.0031444338        0.2551782310        1.0000000008
157.0000       -0.0894706997        0.0031882004        0.2551782309        1.0000000008
157.5000       -0.0893186470        0.0032270239        0.2551782310        1.0000000008
158.0000       -0.0891605066        0.0032608978        0.2551782311        1.0000000008
158.5000       -0.0889963813        0.0032898813        0.2551782313        1.0000000008
159.0000       -0.0888264384        0.0033140999        0.2551782316        1.0000000008
159.5000       -0.0886509101        0.0033337453        0.2551782320        1.0000000008
160.0000       -0.0876634819        0.0025423718        0.2551782322        1.0000000008
160.5000       -0.0875011790        0.0025769223        0.2551782322        1.0000000008
161.0000       -0.0873389477        0.0026124488        0.2551782321        1.0000000008
161.5000       -0.0871767209        0.0026488517        0.2551782320        1.0000000008
162.0000       -0.0870144094        0.0026860110        0.2551782318        1.0000000008
162.5000       -0.0868519034        0.0027237869        0.2551782317        1.0000000008
163.0000       -0.0866890738        0.0027620218        0.2551782315        1.0000000008
163.5000       -0.0865257741        0.0028005421        0.2551782313        1.0000000008
164.0000       -0.0863618436        0.0028391605        0.2551782311        1.0000000008
164.5000       -0.0861971093        0.0028776789        0.2551782309        1.0000000007
165.0000       -0.0860313898        0.0029158917        0.2551782306        1.0000000007
165.5000       -0.0858644984        0.0029535889        0.2551782304        1.0000000007
166.0000       -0.0856962471        0.0029905600        0.2551782302        1.0000000007
166.5000       -0.0855264506        0.0030265979        0.2551782299        1.0000000007
167.0000       -0.0853549297        0.0030615027        0.2551782297        1.0000000007
167.5000       -0.0851815162        0.0030950861        0.2551782295        1.0000000007
168.0000       -0.0850060561        0.0031271747        0.2551782294        1.0000000007
168.5000       -0.0848284140        0.0031576144        0.2551782292        1.0000000007
169.0000       -0.0846484760        0.0031862732        0.2551782291        1.0000000007
169.5000       -0.0844661535        0.0032130449        0.2551782290        1.0000000007
170.0000       -0.0842813851        0.0032378516        0.2551782290        1.0000000006
170.5000       -0.0840941397        0.0032606456        0.2551782290        1.0000000006
171.0000       -0.0839044171        0.0032814113        0.2551782290        1.0000000006
171.5000       -0.0837122498        0.0033001656        0.2551782291        1.0000000006
172.0000       -0.0835177022        0.0033169586        0.2551782292        1.0000000006
172.5000       -0.0833208708        0.0033318725        0.2551782294        1.0000000006
173.0000       -0.0831218823        0.0033450204        0.2551782296        1.0000000006
173.5000       -0.0829208920        0.0033565443        0.2551782298        1.0000000006
174.0000       -0.0827180801        0.0033666119        0.2551782301        1.0000000006
174.5000       -0.0825136491        0.0033754133        0.2551782303        1.0000000006
175.0000       -0.0823078189        0.0033831568        0.2551782306        1.0000000006
175.5000       -0.0821008227        0.0033900640        0.2551782309        1.0000000006
176.0000       -0.0818929012        0.0033963650        0.2551782312        1.0000000006
176.5000       -0.0816842979        0.0034022925        0.2551782315        1.0000000006
177.0000       -0.0814752529        0.0034080767        0.2551782318        1.0000000006
177.5000       -0.0812659975        0.0034139391        0.2551782321        1.0000000006
178.0000       -0.0810567489        0.0034200877        0.2551782323        1.0000000006
178.5000       -0.0808477046        0.0034267110        0.2551782326        1.0000000006
179.0000       -0.0806390378        0.0034339735        0.2551782327        1.0000000006
179.5000       -0.0804308930        0.0034420115        0.2551782329        1.0000000006
180.0000       -0.0802233826        0.0034509294        0.2551782330        1.0000000006
180.5000       -0.0800165841        0.0034607970        0.2551782330        1.0000000006
181.0000       -0.0798105379        0.0034716474        0.2551782330        1.0000000006
181.5000       -0.0796052471        0.0034834764        0.2551782330        1.0000000006
182.0000       -0.0794006770        0.0034962425        0.2551782329        1.0000000006
182.5000       -0.0791967569        0.0035098682        0.2551782328        1.0000000006
183.0000       -0.0789470928        0.0034779515        0.2551782326        1.0000000006
183.5000       -0.0787385921        0.0034873805        0.2551782326        1.0000000007
184.0000       -0.0785299677        0.0034968749        0.2551782326        1.0000000007
184.5000       -0.0783212072        0.0035064158        0.2551782326        1.0000000007
185.0000       -0.0781122879        0.0035159746        0.2551782325        1.0000000007
185.5000       -0.0779031782        0.0035255140        0.2551782325        1.0000000007
186.0000       -0.0776938393        0.0035349895        0.2551782324        1.0000000007
186.5000       -0.0774842264        0.0035443508        0.2551782324        1.0000000007
187.0000       -0.0772742908        0.0035535438        0.2551782323        1.0000000007
187.5000       -0.0770639818        0.0035625127        0.2551782322        1.0000000007
188.0000       -0.0768532489        0.0035712018        0.2551782322        1.0000000007
188.5000       -0.0766420441        0.0035795582        0.2551782321        1.0000000007
189.0000       -0.0764303236        0.0035875333        0.2551782321        1.0000000007
189.5000       -0.0762180502        0.0035950851        0.2551782320        1.0000000007
190.0000       -0.0760051949        0.0036021800        0.2551782320        1.0000000007
190.5000       -0.0757917386        0.0036087944        0.2551782320        1.0000000007
191.0000       -0.0755776732        0.0036149159        0.2551782320        1.0000000007
191.5000       -0.0753630028        0.0036205442        0.2551782320        1.0000000007
192.0000       -0.0751477439        0.0036256918        0.2551782321        1.0000000007
192.5000       -0.0749319255        0.0036303836        0.2551782321        1.0000000007
193.0000       -0.0747155888        0.0036346568        0.2551782322        1.0000000007
193.5000       -0.0744987862        0.0036385601        0.2551782323        1.0000000007
194.0000       -0.0742815797        0.0036421517        0.2551782324        1.0000000007
194.5000       -0.0740640394        0.0036454983        0.2551782324        1.0000000007
195.0000       -0.0738462412        0.0036486720        0.2551782325        1.0000000007
195.5000       -0.0736282640        0.0036517486        0.2551782326        1.0000000007
196.0000       -0.0734101873        0.0036548042        0.2551782327        1.0000000007
196.5000       -0.0731920880        0.0036579126        0.2551782328        1.0000000007
197.0000       -0.0729740378        0.0036611425        0.2551782329        1.0000000007
197.5000       -0.0727561000        0.0036645543        0.2551782330        1.0000000007
198.0000       -0.0725383274        0.0036681978        0.2551782330        1.0000000007
198.5000       -0.0723207595        0.0036721099        0.2551782331        1.0000000007
199.0000       -0.0721034214        0.0036763129        0.2551782331        1.0000000007
199.5000       -0.0718863221        0.0036808132        0.2551782331        1.0000000007
200.0000       -0.0716694543        0.0036856010        0.2551782330        1.0000000007
200.5000       -0.0714527946        0.0036906505        0.2551782330        1.0000000007
201.0000       -0.0712363042        0.0036959204        0.2551782329        1.0000000007
201.5000       -0.0710199313        0.0037013565        0.2551782328        1.0000000007
202.0000       -0.0708036125        0.0037068932        0.2551782328        1.0000000007
202.5000       -0.0705872768        0.0037124571        0.2551782327        1.0000000007
203.0000       -0.0703708485        0.0037179702        0.2551782326        1.0000000007
203.5000       -0.0701542513        0.0037233540        0.2551782325        1.0000000007
204.0000       -0.0699374121        0.0037285334        0.2551782324        1.0000000007
204.5000       -0.0697202655        0.0037334405        0.2551782323        1.0000000007
205.0000       -0.0695027567        0.0037380184        0.2551782323        1.0000000007
205.5000       -0.0692848452        0.0037422248        0.2551782322        1.0000000007
206.0000       -0.0690665075        0.0037460337        0.2551782322        1.0000000007
206.5000       -0.0688477384        0.0037494381        0.2551782322        1.0000000007
207.0000       -0.0686285519        0.0037524499        0.2551782323        1.0000000007
207.5000       -0.0684089808        0.0037551001        0.2551782324        1.0000000007
208.0000       -0.0681890756        0.0037574371        0.2551782324        1.0000000007
208.5000       -0.0679689015        0.0037595242        0.2551782325        1.0000000007
209.0000       -0.0677485352        0.0037614366        0.2551782326        1.0000000007
209.5000       -0.0675280609        0.0037632566        0.2551782327        1.0000000007
210.0000       -0.0673075652        0.0037650692        0.2551782328        1.0000000007
210.5000       -0.0670871321        0.0037669569        0.2551782329        1.0000000007
211.0000       -0.0668668382        0.0037689946        0.2551782330        1.0000000007
211.5000       -0.0666467477        0.0037712450        0.2551782331        1.0000000007
212.0000       -0.0664269082        0.0037737545        0.2551782331        1.0000000007
212.5000       -0.0662073479        0.0037765499        0.2551782331        1.0000000007
213.0000       -0.0659880735        0.0037796364        0.2551782331        1.0000000007
213.5000       -0.0657690693        0.0037829972        0.2551782331        1.0000000007
214.0000       -0.0655502983        0.0037865938        0.2551782330        1.0000000007
214.5000       -0.0653317038        0.0037903685        0.2551782329        1.0000000007
215.0000       -0.0651132138        0.0037942478        0.2551782328        1.0000000007
215.5000       -0.0648947449        0.0037981472        0.2551782327        1.0000000007
216.0000       -0.0646762080        0.0038019763        0.2551782326        1.0000000007
216.5000       -0.0644575144        0.0038056451        0.2551782325        1.0000000007
217.0000       -0.0642385818        0.0038090700        0.2551782324        1.0000000007
217.5000       -0.0640193399        0.0038121796        0.2551782323        1.0000000007
218.0000       -0.0637997357        0.0038149195        0.2551782323        1.0000000007
218.5000       -0.0635797375        0.0038172567        0.2551782323        1.0000000007
219.0000       -0.0633445888        0.0038044287        0.2551782323        1.0000000007
219.5000       -0.0631243820        0.0038065311        0.2551782322        1.0000000007
220.0000       -0.0629041877        0.0038086340        0.2551782322        1.0000000007
220.5000       -0.0626839913        0.0038107215        0.2551782322        1.0000000007
221.0000       -0.0624637740        0.0038127740        0.2551782322        1.0000000007
221.5000       -0.0622435149        0.0038147695        0.2551782322        1.0000000007
222.0000       -0.0620231922        0.0038166851        0.2551782321        1.0000000007
222.5000       -0.0618027848        0.0038184990        0.2551782321        1.0000000007
223.0000       -0.0615822747        0.0038201918        0.2551782321        1.0000000007
223.5000       -0.0613616476        0.0038217485        0.2551782321        1.0000000007
224.0000       -0.0611408947        0.0038231592        0.2551782321        1.0000000007
224.5000       -0.0609200134        0.0038244205        0.2551782321        1.0000000007
225.0000       -0.0606990075        0.0038255351        0.2551782321        1.0000000007
225.5000       -0.0604778873        0.0038265124        0.2551782321        1.0000000007
226.0000       -0.0602566684        0.0038273672        0.2551782321        1.0000000007
226.5000       -0.0600353713        0.0038281192        0.2551782322        1.0000000007
227.0000       -0.0598140195        0.0038287907        0.2551782322        1.0000000007
227.5000       -0.0595926376        0.0038294058        0.2551782322        1.0000000007
228.0000       -0.0593712497        0.0038299877        0.2551782323        1.0000000007
228.5000       -0.0591498776        0.0038305574        0.2551782323        1.0000000007
229.0000       -0.0589285389        0.0038311318        0.2551782323        1.0000000007
229.5000       -0.0587072461        0.0038317225        0.2551782323        1.0000000007
230.0000       -0.0584860052        0.0038323349        0.2551782323        1.0000000007
230.5000       -0.0582648157        0.0038329679        0.2551782323        1.0000000007
231.0000       -0.0580436710        0.0038336139        0.2551782323        1.0000000007
231.5000       -0.0578225586        0.0038342599        0.2551782323        1.0000000007
232.0000       -0.0576014619        0.0038348887        0.2551782322        1.0000000007
232.5000       -0.0573803618        0.0038354803        0.2551782322        1.0000000007
233.0000       -0.0571592381        0.0038360139        0.2551782322        1.0000000007
233.5000       -0.0569380720        0.0038364701        0.2551782322        1.0000000007
234.0000       -0.0567168477        0.0038368324        0.2551782321        1.0000000007
234.5000       -0.0564955542        0.0038370890        0.2551782321        1.0000000007
235.0000       -0.0562741863        0.0038372342        0.2551782321        1.0000000007
235.5000       -0.0560527452        0.0038372685        0.2551782321        1.0000000007
236.0000       -0.0558312389        0.0038371993        0.2551782322        1.0000000007
236.5000       -0.0556096812        0.0038370398        0.2551782322        1.0000000007
237.0000       -0.0553880911        0.0038368083        0.2551782322        1.0000000007
237.5000       -0.0551664908        0.0038365263        0.2551782322        1.0000000007
238.0000       -0.0549449038        0.0038362170        0.2551782323        1.0000000007
238.5000       -0.0547233531        0.0038359028        0.2551782323        1.0000000007
239.0000       -0.0545018591        0.0038356034        0.2551782323        1.0000000007
239.5000       -0.0542804377        0.0038353342        0.2551782323        1.0000000007
240.0000       -0.0540590990        0.0038351049        0.2551782323        1.0000000007
240.5000       -0.0538378465        0.0038349185        0.2551782323        1.0000000007
241.0000       -0.0536166770        0.0038347712        0.2551782323        1.0000000007
241.5000       -0.0533955809        0.0038346531        0.2551782323        1.0000000007
242.0000       -0.0531745436        0.0038345490        0.2551782323        1.0000000007
242.5000       -0.0529535470        0.0038344402        0.2551782323        1.0000000007
243.0000       -0.0527325713        0.0038343067        0.2551782322        1.0000000007
243.5000       -0.0525115978        0.0038341291        0.2551782322        1.0000000007
244.0000       -0.0522906102        0.0038338907        0.2551782322        1.0000000007
244.5000       -0.0520695973        0.0038335798        0.2551782322        1.0000000007
245.0000       -0.0518485534        0.0038331904        0.2551782322        1.0000000007
245.5000       -0.0516274801        0.0038327234        0.2551782322        1.0000000007
246.0000       -0.0514050856        0.0038308864        0.2551782322        1.0000000007
246.5000       -0.0511841664        0.0038304754        0.2551782322        1.0000000007
247.0000       -0.0509633060        0.0038300739        0.2551782322        1.0000000007
247.5000       -0.0507425000        0.0038296770        0.2551782322        1.0000000007
248.0000       -0.0505217422        0.0038292783        0.2551782322        1.0000000007
248.5000       -0.0503010259        0.0038288703        0.2551782322        1.0000000007
249.0000       -0.0500803440        0.0038284458        0.2551782322        1.0000000007
249.5000       -0.0498596904        0.0038279983        0.2551782322        1.0000000007
250.0000       -0.0496390609        0.0038275231        0.2551782322        1.0000000007
250.5000       -0.0494184534        0.0038270178        0.2551782322        1.0000000007
251.0000       -0.0491978686        0.0038264827        0.2551782322        1.0000000007
251.5000       -0.0489773099        0.0038259208        0.2551782322        1.0000000007
252.0000       -0.0487567832        0.0038253376        0.2551782322        1.0000000007
252.5000       -0.0485362960        0.0038247404        0.2551782322        1.0000000007
253.0000       -0.0483158571        0.0038241375        0.2551782322        1.0000000007
253.5000       -0.0480954754        0.0038235375        0.2551782322        1.0000000007
254.0000       -0.0478751586        0.0038229478        0.2551782322        1.0000000007
254.5000       -0.0476549129        0.0038223742        0.2551782322        1.0000000007
255.0000       -0.0474347419        0.0038218201        0.2551782322        1.0000000007
255.5000       -0.0472146464        0.0038212860        0.2551782322        1.0000000007
256.0000       -0.0469946243        0.0038207693        0.2551782322        1.0000000007
256.5000       -0.0467746709        0.0038202652        0.2551782322        1.0000000007
257.0000       -0.0465547796        0.0038197666        0.2551782322        1.0000000007
257.5000       -0.0463349427        0.0038192657        0.2551782322        1.0000000007
258.0000       -0.0461151526        0.0038187546        0.2551782322        1.0000000007
258.5000       -0.0458954028        0.0038182263        0.2551782322        1.0000000007
259.0000       -0.0456756889        0.0038176762        0.2551782322        1.0000000007
259.5000       -0.0454560088        0.0038171021        0.2551782322        1.0000000007
260.0000       -0.0452363638        0.0038165046        0.2551782322        1.0000000007
260.5000       -0.0450167578        0.0038158877        0.2551782322        1.0000000007
261.0000       -0.0447971973        0.0038152575        0.2551782322        1.0000000007
261.5000       -0.0445776903        0.0038146217        0.2551782322        1.0000000007
262.0000       -0.0443582455        0.0038139887        0.2551782322        1.0000000007
262.5000       -0.0441388710        0.0038133663        0.2551782322        1.0000000007
263.0000       -0.0439195731        0.0038127607        0.2551782322        1.0000000007
263.5000       -0.0437003558        0.0038121756        0.2551782322        1.0000000007
264.0000       -0.0434812201        0.0038116117        0.2551782322        1.0000000007
264.5000       -0.0432621638        0.0038110666        0.2551782322        1.0000000007
265.0000       -0.0430431819        0.0038105351        0.2551782322        1.0000000007
265.5000       -0.0428242676        0.0038100101        0.2551782322        1.0000000007
266.0000       -0.0426054130        0.0038094835        0.2551782322        1.0000000007
266.5000       -0.0423866104        0.0038089474        0.2551782322        1.0000000007
267.0000       -0.0421678536        0.0038083953        0.2551782322        1.0000000007
267.5000       -0.0419491388        0.0038078230        0.2551782322        1.0000000007
268.0000       -0.0417304649        0.0038072295        0.2551782322        1.0000000007
268.5000       -0.0415118343        0.0038066168        0.2551782322        1.0000000007
269.0000       -0.0412932521        0.0038059899        0.2551782322        1.0000000007
269.5000       -0.0410747257        0.0038053558        0.2551782322        1.0000000007
270.0000       -0.0408562636        0.0038047227        0.2551782322        1.0000000007
270.5000       -0.0406378740        0.0038040988        0.2551782322        1.0000000007
271.0000       -0.0404195638        0.0038034908        0.2551782322        1.0000000007
271.5000       -0.0402013376        0.0038029031        0.2551782322        1.0000000007
272.0000       -0.0399831969        0.0038023369        0.2551782322        1.0000000007
272.5000       -0.0397651400        0.0038017903        0.2551782322        1.0000000007
273.0000       -0.0395471622        0.0038012585        0.2551782322        1.0000000007
273.5000       -0.0393292569        0.0038007347        0.2551782322        1.0000000007
274.0000       -0.0391114163        0.0038002108        0.2551782322        1.0000000007
274.5000       -0.0388936329        0.0037996793        0.2551782322        1.0000000007
275.0000       -0.0386759009        0.0037991341        0.2551782322        1.0000000007
275.5000       -0.0384582170        0.0037985717        0.2551782322        1.0000000007
276.0000       -0.0382405809        0.0037979916        0.2551782322        1.0000000007
276.5000       -0.0380229958        0.0037973967        0.2551782322        1.0000000007
277.0000       -0.0378054673        0.0037967926        0.2551782322        1.0000000007
277.5000       -0.0375880031        0.0037961869        0.2551782322        1.0000000007
278.0000       -0.0373706117        0.0037955877        0.2551782322        1.0000000007
278.5000       -0.0371533005        0.0037950023        0.2551782322        1.0000000007
279.0000       -0.0369360754        0.0037944365        0.2551782322        1.0000000007
279.5000       -0.0367189392        0.0037938928        0.2551782322        1.0000000007
280.0000       -0.0365018914        0.0037933708        0.2551782322        1.0000000007
280.5000       -0.0318854092        0.0006074726        0.2551782322        1.0000000007
281.0000       -0.0316707021        0.0006074274        0.2551782322        1.0000000007
281.5000       -0.0314560709        0.0006073733        0.2551782322        1.0000000007
282.0000       -0.0312415114        0.0006073146        0.2551782322        1.0000000007
282.5000       -0.0310270179        0.0006072571        0.2551782322        1.0000000007
283.0000       -0.0308125849        0.0006072065        0.2551782322        1.0000000007
283.5000       -0.0305982077        0.0006071677        0.2551782322        1.0000000007
284.0000       -0.0303838831        0.0006071439        0.2551782322        1.0000000007
284.5000       -0.0301696105        0.0006071360        0.2551782322        1.0000000007
285.0000       -0.0299553916        0.0006071422        0.2551782322        1.0000000007
285.5000       -0.0297412304        0.0006071590        0.2551782322        1.0000000007
286.0000       -0.0295271324        0.0006071807        0.2551782322        1.0000000007
286.5000       -0.0293131037        0.0006072017        0.2551782322        1.0000000007
287.0000       -0.0290991497        0.0006072163        0.2551782322        1.0000000007
287.5000       -0.0288852747        0.0006072207        0.2551782322        1.0000000007
288.0000       -0.0286714804        0.0006072131        0.2551782322        1.0000000007
288.5000       -0.0284577663        0.0006071943        0.2551782322        1.0000000007
289.0000       -0.0282441293        0.0006071673        0.2551782322        1.0000000007
289.5000       -0.0280305648        0.0006071371        0.2551782322        1.0000000007
290.0000       -0.0278170670        0.0006071093        0.2551782322        1.0000000007
290.5000       -0.0276036307        0.0006070895        0.2551782322        1.0000000007
291.0000       -0.0273902518        0.0006070818        0.2551782322        1.0000000007
291.5000       -0.0271769284        0.0006070883        0.2551782322        1.0000000007
292.0000       -0.0269636610        0.0006071085        0.2551782322        1.0000000007
292.5000       -0.0267504528        0.0006071394        0.2551782322        1.0000000007
293.0000       -0.0265373088        0.0006071761        0.2551782322        1.0000000007
293.5000       -0.0263242350        0.0006072128        0.2551782322        1.0000000007
294.0000       -0.0261112372        0.0006072437        0.2551782322        1.0000000007
294.5000       -0.0258983201        0.0006072643        0.2551782322        1.0000000007
295.0000       -0.0256854861        0.0006072722        0.2551782322        1.0000000007
295.5000       -0.0254727353        0.0006072675        0.2551782322        1.0000000007
296.0000       -0.0252600651        0.0006072529        0.2551782322        1.0000000007
296.5000       -0.0250474707        0.0006072332        0.2551782322        1.0000000007
297.0000       -0.0248349465        0.0006072141        0.2551782322        1.0000000007
297.5000       -0.0246224870        0.0006072013        0.2551782322        1.0000000007
298.0000       -0.0244100880        0.0006071992        0.2551782322        1.0000000007
298.5000       -0.0241977473        0.0006072099        0.2551782322        1.0000000007
299.0000       -0.0239854656        0.0006072329        0.2551782322        1.0000000007
299.5000       -0.0237732460        0.0006072652        0.2551782322        1.0000000007
300.0000       -0.0235610937        0.0006073017        0.2551782322        1.0000000007
