       t   Mean-Field Energy       PE Difference        Total Energy                norm
  0.0000        0.2471251066        0.0005452701        0.2872158096        1.0000000000
  0.5000        0.2466647193        0.0005617650        0.2872158090        1.0000000000
  1.0000        0.2461963672        0.0005780467        0.2872158084        1.0000000001
  1.5000        0.2457205480        0.0005936216        0.2872158078        1.0000000002
  2.0000        0.2452377374        0.0006080186        0.2872158072        1.0000000004
  2.5000        0.2447483738        0.0006208045        0.2872158068        1.0000000006
  3.0000        0.2442528452        0.0006315977        0.2872158063        1.0000000009
  3.5000        0.2437514764        0.0006400798        0.2872158060        1.0000000011
  4.0000        0.2432445201        0.0006460058        0.2872158058        1.0000000013
  4.5000        0.2427321492        0.0006492102        0.2872158057        1.0000000015
  5.0000        0.2422144532        0.0006496118        0.2872158057        1.0000000017
  5.5000        0.2416914365        0.0006472143        0.2872158058        1.0000000018
  6.0000        0.2411630205        0.0006421046        0.2872158060        1.0000000018
  6.5000        0.2406290477        0.0006344485        0.2872158063        1.0000000019
  7.0000        0.2400892891        0.0006244831        0.2872158067        1.0000000018
  7.5000        0.2395434534        0.0006125073        0.2872158071        1.0000000017
  8.0000        0.2389911982        0.0005988708        0.2872158076        1.0000000016
  8.5000        0.2384321427        0.0005839615        0.2872158081        1.0000000015
  9.0000        0.2378658811        0.0005681914        0.2872158086        1.0000000013
  9.5000        0.2372919963        0.0005519831        0.2872158092        1.0000000011
 10.0000        0.2372483327        0.0000001020        0.2872158093        1.0000000009
 10.5000        0.2366449294        0.0000005156        0.2872158093        1.0000000007
 11.0000        0.2360331183        0.0000012400        0.2872158092        1.0000000005
 11.5000        0.2354129187        0.0000022596        0.2872158092        1.0000000003
 12.0000        0.2347843578        0.0000035516        0.2872158092        1.0000000002
 12.5000        0.2341474700        0.0000050859        0.2872158091        1.0000000001
 13.0000        0.2335022957        0.0000068266        0.2872158090        1.0000000001
 13.5000        0.2328488805        0.0000087327        0.2872158090        1.0000000001
 14.0000        0.2321872738        0.0000107597        0.2872158089        1.0000000002
 14.5000        0.2315175277        0.0000128605        0.2872158089        1.0000000003
 15.0000        0.2308396955        0.0000149872        0.2872158088        1.0000000004
 15.5000        0.2301538306        0.0000170920        0.2872158087        1.0000000006
 16.0000        0.2294599847        0.0000191287        0.2872158087        1.0000000008
 16.5000        0.2287582071        0.0000210540        0.2872158086        1.0000000010
 17.0000        0.2280485433        0.0000228286        0.2872158086        1.0000000011
 17.5000        0.2273310343        0.0000244180        0.2872158085        1.0000000013
 18.0000        0.2266057155        0.0000257934        0.2872158085        1.0000000015
 18.5000        0.2258726162        0.0000269321        0.2872158085        1.0000000016
 19.0000        0.2251317595        0.0000278182        0.2872158084        1.0000000017
 19.5000        0.2243831616        0.0000284424        0.2872158084        1.0000000017
 20.0000        0.2236268324        0.0000288025        0.2872158084        1.0000000017
 20.5000        0.2228627754        0.0000289023        0.2872158084        1.0000000017
 21.0000        0.2220909880        0.0000287522        0.2872158084        1.0000000016
 21.5000        0.2213114623        0.0000283677        0.2872158085        1.0000000016
 22.0000        0.2205241859        0.0000277695        0.2872158085        1.0000000014
 22.5000        0.2197291422        0.0000269819        0.2872158085        1.0000000013
 23.0000        0.2189263118        0.0000260328        0.2872158085        1.0000000011
 23.5000        0.2181156732        0.0000249519        0.2872158086        1.0000000010
 24.0000        0.2172972038        0.0000237703        0.2872158086        1.0000000008
 24.5000        0.2164708806        0.0000225195        0.2872158086        1.0000000007
 25.0000        0.2156366814        0.0000212306        0.2872158087        1.0000000005
 25.5000        0.2147945853        0.0000199333        0.2872158087        1.0000000004
 26.0000        0.2139445734        0.0000186554        0.2872158087        1.0000000003
 26.5000        0.2130866296        0.0000174220        0.2872158087        1.0000000003
 27.0000        0.2122207409        0.0000162557        0.2872158087        1.0000000003
 27.5000        0.2113468975        0.0000151754        0.2872158087        1.0000000003
 28.0000        0.2104650936        0.0000141968        0.2872158087        1.0000000003
 28.5000        0.2095753266        0.0000133322        0.2872158087        1.0000000004
 29.0000        0.2086775977        0.0000125904        0.2872158087        1.0000000005
 29.5000        0.2077719116        0.0000119771        0.2872158087        1.0000000006
 30.0000        0.2068582758        0.0000114951        0.2872158087        1.0000000007
 30.5000        0.2059367007        0.0000111447        0.2872158087        1.0000000008
 31.0000        0.2050071991        0.0000109243        0.2872158087        1.0000000010
 31.5000        0.2040697856        0.0000108304        0.2872158087        1.0000000011
 32.0000        0.2031244760        0.0000108588        0.2872158086        1.0000000012
 32.5000        0.2021712873        0.0000110043        0.2872158086        1.0000000013
 33.0000        0.2012102368        0.0000112617        0.2872158086        1.0000000014
 33.5000        0.2002413420        0.0000116262        0.2872158086        1.0000000015
 34.0000        0.1992646201        0.0000120933        0.2872158086        1.0000000015
 34.5000        0.1982800876        0.0000126596        0.2872158085        1.0000000016
 35.0000        0.1972877604        0.0000133227        0.2872158085        1.0000000016
 35.5000        0.1962876538        0.0000140815        0.2872158085        1.0000000015
 36.0000        0.1952797817        0.0000149359        0.2872158085        1.0000000015
 36.5000        0.1942641577        0.0000158873        0.2872158085        1.0000000014
 37.0000        0.1932407946        0.0000169380        0.2872158085        1.0000000014
 37.5000        0.1922097046        0.0000180910        0.2872158085        1.0000000013
 38.0000        0.1911709002        0.0000193501        0.2872158084        1.0000000012
 38.5000        0.1901243936        0.0000207192        0.2872158084        1.0000000011
 39.0000        0.1890701979        0.0000222021        0.2872158084        1.0000000010
 39.5000        0.1880083272        0.0000238020        0.2872158084        1.0000000008
 40.0000        0.1869387968        0.0000255214        0.2872158084        1.0000000008
 40.5000        0.1858616241        0.0000273614        0.2872158084        1.0000000007
 41.0000        0.1847768282        0.0000293215        0.2872158083        1.0000000006
 41.5000        0.1836844311        0.0000313994        0.2872158083        1.0000000005
 42.0000        0.1825844574        0.0000335905        0.2872158083        1.0000000005
 42.5000        0.1814769345        0.0000358879        0.2872158082        1.0000000005
 43.0000        0.1803618933        0.0000382821        0.2872158082        1.0000000004
 43.5000        0.1792393674        0.0000407614        0.2872158082        1.0000000005
 44.0000        0.1781093939        0.0000433114        0.2872158081        1.0000000005
 44.5000        0.1769720129        0.0000459154        0.2872158081        1.0000000005
 45.0000        0.1758272671        0.0000485546        0.2872158080        1.0000000006
 45.5000        0.1746752022        0.0000512083        0.2872158079        1.0000000006
 46.0000        0.1735158659        0.0000538547        0.2872158079        1.0000000007
 46.5000        0.1723493078        0.0000564705        0.2872158078        1.0000000008
 47.0000        0.1711755789        0.0000590320        0.2872158078        1.0000000008
 47.5000        0.1699947312        0.0000615156        0.2872158077        1.0000000009
 48.0000        0.1688068172        0.0000638981        0.2872158076        1.0000000010
 48.5000        0.1676118892        0.0000661573        0.2872158076        1.0000000011
 49.0000        0.1664099987        0.0000682727        0.2872158075        1.0000000011
 49.5000        0.1652011965        0.0000702257        0.2872158075        1.0000000012
 50.0000        0.1639855313        0.0000720008        0.2872158074        1.0000000012
 50.5000        0.1627630501        0.0000735852        0.2872158074        1.0000000013
 51.0000        0.1615337973        0.0000749699        0.2872158073        1.0000000013
 51.5000        0.1602978144        0.0000761497        0.2872158073        1.0000000013
 52.0000        0.1590551402        0.0000771237        0.2872158072        1.0000000013
 52.5000        0.1578058099        0.0000778952        0.2872158072        1.0000000013
 53.0000        0.1565498558        0.0000784722        0.2872158072        1.0000000013
 53.5000        0.1552873065        0.0000788674        0.2872158071        1.0000000013
 54.0000        0.1540181876        0.0000790978        0.2872158071        1.0000000013
 54.5000        0.1527425216        0.0000791850        0.2872158071        1.0000000013
 55.0000        0.1514603280        0.0000791549        0.2872158071        1.0000000012
 55.5000        0.1501716238        0.0000790374        0.2872158071        1.0000000012
 56.0000        0.1488764240        0.0000788660        0.2872158071        1.0000000011
 56.5000        0.1475747417        0.0000786776        0.2872158071        1.0000000011
 57.0000        0.1462665888        0.0000785120        0.2872158071        1.0000000010
 57.5000        0.1449519766        0.0000784112        0.2872158070        1.0000000010
 58.0000        0.1436309161        0.0000784194        0.2872158070        1.0000000010
 58.5000        0.1423034191        0.0000785820        0.2872158070        1.0000000009
 59.0000        0.1409694980        0.0000789455        0.2872158070        1.0000000009
 59.5000        0.1396291673        0.0000795567        0.2872158070        1.0000000008
 60.0000        0.1382824435        0.0000804622        0.2872158070        1.0000000008
 60.5000        0.1369293462        0.0000817082        0.2872158070        1.0000000008
 61.0000        0.1355698980        0.0000833397        0.2872158069        1.0000000007
 61.5000        0.1342041257        0.0000854007        0.2872158069        1.0000000007
 62.0000        0.1328320604        0.0000879330        0.2872158069        1.0000000007
 62.5000        0.1314537379        0.0000909768        0.2872158068        1.0000000007
 63.0000        0.1300691993        0.0000945698        0.2872158068        1.0000000007
 63.5000        0.1286784910        0.0000987473        0.2872158067        1.0000000007
 64.0000        0.1272816653        0.0001035424        0.2872158066        1.0000000007
 64.5000        0.1258787804        0.0001089855        0.2872158066        1.0000000007
 65.0000        0.1244699003        0.0001151044        0.2872158065        1.0000000007
 65.5000        0.1230550955        0.0001219247        0.2872158064        1.0000000007
 66.0000        0.1216344426        0.0001294698        0.2872158063        1.0000000008
 66.5000        0.1202080242        0.0001377610        0.2872158062        1.0000000008
 67.0000        0.1187759292        0.0001468180        0.2872158061        1.0000000008
 67.5000        0.1173382524        0.0001566592        0.2872158060        1.0000000008
 68.0000        0.1158950946        0.0001673018        0.2872158059        1.0000000008
 68.5000        0.1146251731        0.0000005877        0.2872158058        1.0000000009
 69.0000        0.1131807818        0.0000042257        0.2872158058        1.0000000009
 69.5000        0.1117287082        0.0000112695        0.2872158057        1.0000000009
 70.0000        0.1102690066        0.0000217962        0.2872158056        1.0000000009
 70.5000        0.1088017571        0.0000358638        0.2872158055        1.0000000009
 71.0000        0.1073270654        0.0000535113        0.2872158053        1.0000000010
 71.5000        0.1058450619        0.0000747597        0.2872158051        1.0000000010
 72.0000        0.1043559013        0.0000996139        0.2872158049        1.0000000010
 72.5000        0.1028597613        0.0001280632        0.2872158046        1.0000000010
 73.0000        0.1013568416        0.0001600838        0.2872158044        1.0000000010
 73.5000        0.0998473627        0.0001956398        0.2872158041        1.0000000010
 74.0000        0.0983315641        0.0002346858        0.2872158038        1.0000000010
 74.5000        0.0968097037        0.0002771684        0.2872158034        1.0000000011
 75.0000        0.0952820552        0.0003230284        0.2872158031        1.0000000011
 75.5000        0.0937489074        0.0003722032        0.2872158027        1.0000000011
 76.0000        0.0922105624        0.0004246287        0.2872158023        1.0000000011
 76.5000        0.0906673338        0.0004802414        0.2872158019        1.0000000011
 77.0000        0.0891195454        0.0005389808        0.2872158015        1.0000000011
 77.5000        0.0875675299        0.0006007917        0.2872158011        1.0000000011
 78.0000        0.0860116274        0.0006656258        0.2872158007        1.0000000011
 78.5000        0.0844521840        0.0007334441        0.2872158003        1.0000000011
 79.0000        0.0828895509        0.0008042187        0.2872157998        1.0000000011
 79.5000        0.0813240833        0.0008779349        0.2872157994        1.0000000011
 80.0000        0.0797561393        0.0009545926        0.2872157990        1.0000000011
 80.5000        0.0781860792        0.0010342084        0.2872157986        1.0000000011
 81.0000        0.0766142652        0.0011168169        0.2872157981        1.0000000011
 81.5000        0.0750410605        0.0012024725        0.2872157977        1.0000000011
 82.0000        0.0734668289        0.0012912501        0.2872157973        1.0000000011
 82.5000        0.0718919349        0.0013832474        0.2872157968        1.0000000011
 83.0000        0.0703167437        0.0014785850        0.2872157964        1.0000000010
 83.5000        0.0687416206        0.0015774082        0.2872157960        1.0000000010
 84.0000        0.0671669319        0.0016798875        0.2872157956        1.0000000010
 84.5000        0.0655930448        0.0017862198        0.2872157951        1.0000000010
 85.0000        0.0640203279        0.0018966287        0.2872157947        1.0000000010
 85.5000        0.0624491518        0.0020113656        0.2872157943        1.0000000010
 86.0000        0.0608798893        0.0021307096        0.2872157938        1.0000000010
 86.5000        0.0593129165        0.0022549685        0.2872157934        1.0000000010
 87.0000        0.0577486133        0.0023844786        0.2872157929        1.0000000010
 87.5000        0.0561873641        0.0025196048        0.2872157925        1.0000000010
 88.0000        0.0546295587        0.0026607407        0.2872157920        1.0000000010
 88.5000        0.0530755931        0.0028083082        0.2872157916        1.0000000010
 89.0000        0.0515258706        0.0029627570        0.2872157911        1.0000000010
 89.5000        0.0499808020        0.0031245638        0.2872157906        1.0000000010
 90.0000        0.0484408071        0.0032942311        0.2872157901        1.0000000010
 90.5000        0.0469063153        0.0034722862        0.2872157896        1.0000000010
 91.0000        0.0453777663        0.0036592787        0.2872157891        1.0000000010
 91.5000        0.0438556111        0.0038557789        0.2872157886        1.0000000010
 92.0000        0.0423403123        0.0040623747        0.2872157881        1.0000000010
 92.5000        0.0408323453        0.0042796682        0.2872157875        1.0000000010
 93.0000        0.0393321985        0.0045082720        0.2872157869        1.0000000010
 93.5000        0.0378403742        0.0047488043        0.2872157863        1.0000000010
 94.0000        0.0363573888        0.0050018838        0.2872157857        1.0000000010
 94.5000        0.0348837732        0.0052681235        0.2872157851        1.0000000010
 95.0000        0.0334200733        0.0055481239        0.2872157845        1.0000000010
 95.5000        0.0319668501        0.0058424652        0.2872157838        1.0000000010
 96.0000        0.0305246800        0.0061516995        0.2872157831        1.0000000010
 96.5000        0.0290941544        0.0064763410        0.2872157824        1.0000000010
 97.0000        0.0276758804        0.0068168572        0.2872157817        1.0000000010
 97.5000        0.0262704797        0.0071736584        0.2872157810        1.0000000010
 98.0000        0.0248785893        0.0075470876        0.2872157802        1.0000000010
 98.5000        0.0235008603        0.0079374102        0.2872157795        1.0000000010
 99.0000        0.0221379579        0.0083448035        0.2872157787        1.0000000010
 99.5000        0.0207905608        0.0087693475        0.2872157779        1.0000000010
100.0000        0.0194593601        0.0092110153        0.2872157771        1.0000000010
100.5000        0.0181450589        0.0096696656        0.2872157763        1.0000000010
101.0000        0.0168483711        0.0101450356        0.2872157755        1.0000000010
101.5000        0.0155700205        0.0106367360        0.2872157746        1.0000000010
102.0000        0.0143107395        0.0111442476        0.2872157738        1.0000000010
102.5000        0.0130712675        0.0116669196        0.2872157729        1.0000000010
103.0000        0.0118523502        0.0122039706        0.2872157721        1.0000000010
103.5000        0.0106547372        0.0124692577        0.2872157712        1.0000000010
104.0000        0.0094791808        0.0111558139        0.2872157703        1.0000000010
104.5000        0.0083264339        0.0098647999        0.2872157695        1.0000000010
105.0000        0.0071972482        0.0085968952        0.2872157686        1.0000000010
105.5000        0.0060923722        0.0073527753        0.2872157678        1.0000000010
106.0000        0.0050125485        0.0061331103        0.2872157670        1.0000000010
106.5000        0.0039585121        0.0049385634        0.2872157661        1.0000000010
107.0000        0.0029309871        0.0037697886        0.2872157653        1.0000000010
107.5000        0.0019306851        0.0026274290        0.2872157645        1.0000000010
108.0000        0.0009583015        0.0015121141        0.2872157638        1.0000000010
108.5000        0.0000145132        0.0004244583        0.2872157630        1.0000000010
109.0000       -0.0009000244        0.0006349426        0.2872157623        1.0000000010
109.5000       -0.0017846808        0.0016655134        0.2872157617        1.0000000010
110.0000       -0.0026388533        0.0026667026        0.2872157610        1.0000000010
110.5000       -0.0034619701        0.0036379853        0.2872157604        1.0000000010
111.0000       -0.0042534941        0.0045788665        0.2872157599        1.0000000010
111.5000       -0.0050129258        0.0052678009        0.2872157594        1.0000000010
112.0000       -0.0057398072        0.0043813442        0.2872157589        1.0000000010
112.5000       -0.0064337249        0.0035262154        0.2872157585        1.0000000010
113.0000       -0.0070943139        0.0027028009        0.2872157582        1.0000000010
113.5000       -0.0077212608        0.0019114389        0.2872157580        1.0000000010
114.0000       -0.0083143076        0.0011524149        0.2872157578        1.0000000010
114.5000       -0.0088732547        0.0004259581        0.2872157577        1.0000000010
115.0000       -0.0093979646        0.0002677620        0.2872157576        1.0000000010
115.5000       -0.0098883648        0.0009286394        0.2872157577        1.0000000010
116.0000       -0.0103444512        0.0015566347        0.2872157578        1.0000000010
116.5000       -0.0107662908        0.0021517785        0.2872157580        1.0000000010
117.0000       -0.0111540243        0.0027141743        0.2872157583        1.0000000010
117.5000       -0.0115078690        0.0032440011        0.2872157588        1.0000000010
118.0000       -0.0118281204        0.0037415159        0.2872157593        1.0000000010
118.5000       -0.0121151547        0.0042070557        0.2872157599        1.0000000010
119.0000       -0.0123694298        0.0046410393        0.2872157606        1.0000000010
119.5000       -0.0125914867        0.0050439684        0.2872157614        1.0000000010
120.0000       -0.0127819502        0.0051241800        0.2872157623        1.0000000010
120.5000       -0.0129415293        0.0047735368        0.2872157633        1.0000000010
121.0000       -0.0130710164        0.0044520938        0.2872157644        1.0000000010
121.5000       -0.0131712873        0.0041590154        0.2872157656        1.0000000010
122.0000       -0.0132432994        0.0038933827        0.2872157669        1.0000000010
122.5000       -0.0132880897        0.0036541960        0.2872157683        1.0000000010
123.0000       -0.0133067728        0.0034403770        0.2872157698        1.0000000010
123.5000       -0.0133005371        0.0032507718        0.2872157714        1.0000000010
124.0000       -0.0132706412        0.0030841550        0.2872157731        1.0000000010
124.5000       -0.0132184099        0.0029392343        0.2872157748        1.0000000010
125.0000       -0.0131452282        0.0028146550        0.2872157766        1.0000000010
125.5000       -0.0130525362        0.0027090065        0.2872157784        1.0000000010
126.0000       -0.0129418225        0.0026208284        0.2872157804        1.0000000010
126.5000       -0.0128146166        0.0025486178        0.2872157823        1.0000000010
127.0000       -0.0126724821        0.0024908366        0.2872157843        1.0000000010
127.5000       -0.0125170075        0.0024459204        0.2872157863        1.0000000010
128.0000        0.0083403075        0.0021955423        0.2872157881        1.0000000010
128.5000        0.0084573069        0.0021300812        0.2872157883        1.0000000010
129.0000        0.0085755512        0.0020652002        0.2872157885        1.0000000010
129.5000        0.0086948863        0.0020007647        0.2872157887        1.0000000010
130.0000        0.0088151748        0.0019366564        0.2872157889        1.0000000010
130.5000        0.0089362958        0.0018727728        0.2872157890        1.0000000010
131.0000        0.0090581454        0.0018090283        0.2872157891        1.0000000010
131.5000        0.0091806366        0.0017453533        0.2872157892        1.0000000010
132.0000        0.0093036990        0.0016816946        0.2872157893        1.0000000010
132.5000        0.0094272790        0.0016180155        0.2872157893        1.0000000010
133.0000        0.0095513393        0.0015542947        0.2872157893        1.0000000010
133.5000        0.0096758588        0.0014905269        0.2872157893        1.0000000010
134.0000        0.0098008317        0.0014267218        0.2872157893        1.0000000010
134.5000        0.0099262674        0.0013629037        0.2872157893        1.0000000010
135.0000        0.0100521896        0.0012991106        0.2872157892        1.0000000010
135.5000        0.0101786356        0.0012353940        0.2872157892        1.0000000010
136.0000        0.0103056550        0.0011718174        0.2872157891        1.0000000010
136.5000        0.0104333095        0.0011084554        0.2872157890        1.0000000010
137.0000        0.0105616708        0.0010453930        0.2872157889        1.0000000010
137.5000        0.0106908201        0.0009827240        0.2872157888        1.0000000010
138.0000        0.0108208466        0.0009205496        0.2872157887        1.0000000010
138.5000        0.0109518458        0.0008589774        0.2872157886        1.0000000010
139.0000        0.0110839184        0.0007981196        0.2872157884        1.0000000010
139.5000        0.0112171683        0.0007380916        0.2872157883        1.0000000010
140.0000        0.0113517017        0.0006790104        0.2872157882        1.0000000010
140.5000        0.0114876247        0.0006209928        0.2872157880        1.0000000010
141.0000        0.0116250419        0.0005641540        0.2872157879        1.0000000010
141.5000        0.0117640549        0.0005086058        0.2872157878        1.0000000010
142.0000        0.0119047606        0.0004544548        0.2872157877        1.0000000010
142.5000        0.0120472494        0.0004018013        0.2872157876        1.0000000010
143.0000        0.0121916039        0.0003507371        0.2872157875        1.0000000010
143.5000        0.0123378971        0.0003013447        0.2872157874        1.0000000010
144.0000        0.0124861917        0.0002536955        0.2872157873        1.0000000010
144.5000        0.0126365381        0.0002078487        0.2872157873        1.0000000010
145.0000        0.0127889740        0.0001638504        0.2872157873        1.0000000010
145.5000        0.0129435231        0.0001217328        0.2872157872        1.0000000010
146.0000        0.0131001946        0.0000815131        0.2872157873        1.0000000010
146.5000        0.0132589828        0.0000431935        0.2872157873        1.0000000010
147.0000        0.0134198669        0.0000067607        0.2872157873        1.0000000010
147.5000        0.0135828107        0.0000278139        0.2872157874        1.0000000010
148.0000        0.0137477633        0.0000605741        0.2872157875        1.0000000010
148.5000        0.0139146593        0.0000915782        0.2872157876        1.0000000010
149.0000        0.0140834200        0.0001208981        0.2872157877        1.0000000010
149.5000        0.0142539539        0.0001486188        0.2872157878        1.0000000010
150.0000        0.0144261585        0.0001748363        0.2872157880        1.0000000010
150.5000        0.0145999213        0.0001996568        0.2872157881        1.0000000010
151.0000        0.0147751224        0.0002231945        0.2872157883        1.0000000010
151.5000        0.0149516354        0.0002455697        0.2872157884        1.0000000010
152.0000        0.0151293302        0.0002669071        0.2872157886        1.0000000010
152.5000        0.0153080749        0.0002873332        0.2872157888        1.0000000010
153.0000        0.0154877382        0.0003069739        0.2872157889        1.0000000010
153.5000        0.0156681917        0.0003259528        0.2872157891        1.0000000010
154.0000        0.0158493122        0.0003443882        0.2872157892        1.0000000010
154.5000        0.0160309838        0.0003623912        0.2872157893        1.0000000010
155.0000        0.0162131004        0.0003800635        0.2872157895        1.0000000010
155.5000        0.0163955674        0.0003974953        0.2872157896        1.0000000010
156.0000        0.0165783035        0.0004147637        0.2872157897        1.0000000010
156.5000        0.0167612423        0.0004319311        0.2872157897        1.0000000010
157.0000        0.0169443335        0.0004490438        0.2872157898        1.0000000010
157.5000        0.0171275439        0.0004661312        0.2872157898        1.0000000010
158.0000        0.0173108575        0.0004832057        0.2872157898        1.0000000010
158.5000        0.0174942759        0.0005002620        0.2872157898        1.0000000010
159.0000        0.0176778182        0.0005172776        0.2872157897        1.0000000010
159.5000        0.0178615197        0.0005342137        0.2872157896        1.0000000010
160.0000        0.0180454309        0.0005510165        0.2872157896        1.0000000010
160.5000        0.0182296163        0.0005676182        0.2872157895        1.0000000010
161.0000        0.0184141518        0.0005839397        0.2872157894        1.0000000010
161.5000        0.0185991228        0.0005998923        0.2872157892        1.0000000010
162.0000        0.0187846215        0.0006153810        0.2872157891        1.0000000010
162.5000        0.0189707436        0.0006303067        0.2872157890        1.0000000010
163.0000        0.0191575858        0.0006445699        0.2872157889        1.0000000010
163.5000        0.0193452421        0.0006580733        0.2872157888        1.0000000010
164.0000        0.0195338010        0.0006707255        0.2872157887        1.0000000010
164.5000        0.0197233422        0.0006824441        0.2872157886        1.0000000010
165.0000        0.0199139334        0.0006931581        0.2872157885        1.0000000010
165.5000        0.0201056279        0.0007028115        0.2872157885        1.0000000010
166.0000        0.0202984623        0.0007113650        0.2872157885        1.0000000010
166.5000        0.0204924540        0.0007187981        0.2872157885        1.0000000010
167.0000        0.0206876003        0.0007251110        0.2872157885        1.0000000010
167.5000        0.0208838772        0.0007303248        0.2872157885        1.0000000010
168.0000        0.0210812394        0.0007344823        0.2872157886        1.0000000010
168.5000        0.0212796203        0.0007376476        0.2872157887        1.0000000010
169.0000        0.0214789332        0.0007399048        0.2872157889        1.0000000010
169.5000        0.0216790733        0.0007413564        0.2872157890        1.0000000010
170.0000        0.0218799195        0.0007421213        0.2872157892        1.0000000010
170.5000        0.0220813374        0.0007423315        0.2872157894        1.0000000010
171.0000        0.0222831830        0.0007421289        0.2872157896        1.0000000010
171.5000        0.0224853063        0.0007416618        0.2872157897        1.0000000010
172.0000        0.0226875552        0.0007410801        0.2872157899        1.0000000010
172.5000        0.0228897801        0.0007405318        0.2872157901        1.0000000010
173.0000        0.0230918381        0.0007401580        0.2872157903        1.0000000010
173.5000        0.0232935973        0.0007400892        0.2872157904        1.0000000010
174.0000        0.0234949404        0.0007404411        0.2872157905        1.0000000010
174.5000        0.0236957688        0.0007413108        0.2872157906        1.0000000010
175.0000        0.0238960054        0.0007427744        0.2872157907        1.0000000010
175.5000        0.0240955966        0.0007448839        0.2872157907        1.0000000010
176.0000        0.0242945146        0.0007476660        0.2872157907        1.0000000010
176.5000        0.0244927578        0.0007511212        0.2872157907        1.0000000010
177.0000        0.0246903504        0.0007552241        0.2872157907        1.0000000010
177.5000        0.0248873417        0.0007599243        0.2872157906        1.0000000010
178.0000        0.0250838042        0.0007651482        0.2872157904        1.0000000010
178.5000        0.0252798302        0.0007708025        0.2872157903        1.0000000010
179.0000        0.0254755284        0.0007767772        0.2872157902        1.0000000010
179.5000        0.0256710197        0.0007829504        0.2872157900        1.0000000010
180.0000        0.0258664323        0.0007891927        0.2872157898        1.0000000010
180.5000        0.0260618959        0.0007953732        0.2872157897        1.0000000010
181.0000        0.0262575371        0.0008013640        0.2872157895        1.0000000010
181.5000        0.0264534735        0.0008070465        0.2872157894        1.0000000010
182.0000        0.0266498087        0.0008123155        0.2872157893        1.0000000010
182.5000        0.0268466280        0.0008170847        0.2872157892        1.0000000010
183.0000        0.0270439941        0.0008212900        0.2872157892        1.0000000010
183.5000        0.0272419443        0.0008248927        0.2872157892        1.0000000010
184.0000        0.0274404887        0.0008278816        0.2872157892        1.0000000010
184.5000        0.0276396091        0.0008302735        0.2872157892        1.0000000010
185.0000        0.0278392596        0.0008321131        0.2872157893        1.0000000010
185.5000        0.0280393681        0.0008334714        0.2872157894        1.0000000010
186.0000        0.0282398395        0.0008344423        0.2872157896        1.0000000010
186.5000        0.0284405592        0.0008351392        0.2872157897        1.0000000010
187.0000        0.0286413988        0.0008356898        0.2872157899        1.0000000010
187.5000        0.0288422208        0.0008362304        0.2872157901        1.0000000010
188.0000        0.0290428858        0.0008368997        0.2872157903        1.0000000010
188.5000        0.0292432586        0.0008378321        0.2872157904        1.0000000010
189.0000        0.0294432146        0.0008391517        0.2872157906        1.0000000010
189.5000        0.0296426459        0.0008409655        0.2872157907        1.0000000010
190.0000        0.0298414670        0.0008433585        0.2872157907        1.0000000009
190.5000        0.0300396191        0.0008463891        0.2872157908        1.0000000009
191.0000        0.0302370735        0.0008500855        0.2872157908        1.0000000009
191.5000        0.0304338336        0.0008544438        0.2872157907        1.0000000009
192.0000        0.0306299351        0.0008594279        0.2872157906        1.0000000009
192.5000        0.0308254454        0.0008649700        0.2872157905        1.0000000009
193.0000        0.0310204604        0.0008709736        0.2872157904        1.0000000009
193.5000        0.0312151005        0.0008773178        0.2872157902        1.0000000009
194.0000        0.0314095055        0.0008838624        0.2872157900        1.0000000009
194.5000        0.0316038274        0.0008904546        0.2872157898        1.0000000009
195.0000        0.0317982237        0.0008969364        0.2872157896        1.0000000009
195.5000        0.0319928497        0.0009031516        0.2872157894        1.0000000009
196.0000        0.0321878505        0.0009089545        0.2872157893        1.0000000009
196.5000        0.0323833542        0.0009142160        0.2872157891        1.0000000009
197.0000        0.0325794651        0.0009188311        0.2872157890        1.0000000009
197.5000        0.0327762588        0.0009227232        0.2872157890        1.0000000009
198.0000        0.0329737779        0.0009258486        0.2872157890        1.0000000009
198.5000        0.0331720306        0.0009281984        0.2872157890        1.0000000009
199.0000        0.0333709900        0.0009297984        0.2872157891        1.0000000009
199.5000        0.0335705959        0.0009307080        0.2872157892        1.0000000009
200.0000        0.0337707586        0.0009310161        0.2872157893        1.0000000009
200.5000        0.0340470273        0.0008551606        0.2872157894        1.0000000009
201.0000        0.0342456351        0.0008569024        0.2872157894        1.0000000009
201.5000        0.0344442884        0.0008585527        0.2872157894        1.0000000009
202.0000        0.0346429964        0.0008601020        0.2872157894        1.0000000009
202.5000        0.0348417696        0.0008615391        0.2872157894        1.0000000009
203.0000        0.0350406195        0.0008628519        0.2872157894        1.0000000009
203.5000        0.0352395577        0.0008640284        0.2872157894        1.0000000009
204.0000        0.0354385950        0.0008650571        0.2872157893        1.0000000009
204.5000        0.0356377411        0.0008659278        0.2872157893        1.0000000009
205.0000        0.0358370036        0.0008666324        0.2872157893        1.0000000009
205.5000        0.0360363871        0.0008671656        0.2872157893        1.0000000009
206.0000        0.0362358935        0.0008675250        0.2872157893        1.0000000009
206.5000        0.0364355212        0.0008677119        0.2872157893        1.0000000009
207.0000        0.0366352651        0.0008677306        0.2872157893        1.0000000009
207.5000        0.0368351169        0.0008675890        0.2872157894        1.0000000009
208.0000        0.0370350653        0.0008672979        0.2872157894        1.0000000009
208.5000        0.0372350964        0.0008668707        0.2872157894        1.0000000009
209.0000        0.0374351948        0.0008663223        0.2872157894        1.0000000009
209.5000        0.0376353437        0.0008656689        0.2872157894        1.0000000009
210.0000        0.0378355265        0.0008649270        0.2872157895        1.0000000009
210.5000        0.0380357268        0.0008641123        0.2872157895        1.0000000009
211.0000        0.0382359296        0.0008632393        0.2872157895        1.0000000009
211.5000        0.0384361221        0.0008623207        0.2872157895        1.0000000009
212.0000        0.0386362937        0.0008613664        0.2872157895        1.0000000009
212.5000        0.0388364367        0.0008603840        0.2872157895        1.0000000009
213.0000        0.0390365462        0.0008593778        0.2872157895        1.0000000009
213.5000        0.0392366199        0.0008583498        0.2872157895        1.0000000009
214.0000        0.0394366580        0.0008572994        0.2872157895        1.0000000009
214.5000        0.0396366625        0.0008562243        0.2872157895        1.0000000009
215.0000        0.0398366367        0.0008551209        0.2872157895        1.0000000009
215.5000        0.0400365841        0.0008539852        0.2872157895        1.0000000009
216.0000        0.0402365080        0.0008528137        0.2872157895        1.0000000009
216.5000        0.0404364106        0.0008516037        0.2872157895        1.0000000009
217.0000        0.0406362926        0.0008503543        0.2872157895        1.0000000009
217.5000        0.0408361523        0.0008490669        0.2872157895        1.0000000009
218.0000        0.0410359856        0.0008477452        0.2872157895        1.0000000009
218.5000        0.0412357859        0.0008463954        0.2872157895        1.0000000009
219.0000        0.0414355442        0.0008450263        0.2872157895        1.0000000010
219.5000        0.0416352498        0.0008436484        0.2872157896        1.0000000010
220.0000        0.0418348902        0.0008422737        0.2872157896        1.0000000010
220.5000        0.0420344528        0.0008409147        0.2872157896        1.0000000010
221.0000        0.0422339246        0.0008395840        0.2872157896        1.0000000010
221.5000        0.0424332942        0.0008382930        0.2872157896        1.0000000010
222.0000        0.0426325514        0.0008370513        0.2872157896        1.0000000010
222.5000        0.0428316888        0.0008358663        0.2872157896        1.0000000010
223.0000        0.0430307018        0.0008347424        0.2872157896        1.0000000010
223.5000        0.0432295887        0.0008336809        0.2872157896        1.0000000010
224.0000        0.0434283511        0.0008326803        0.2872157896        1.0000000010
224.5000        0.0436269931        0.0008317359        0.2872157896        1.0000000010
225.0000        0.0438255211        0.0008308414        0.2872157896        1.0000000010
225.5000        0.0440239431        0.0008299885        0.2872157896        1.0000000010
226.0000        0.0442222675        0.0008291686        0.2872157896        1.0000000010
226.5000        0.0444205024        0.0008283733        0.2872157896        1.0000000010
227.0000        0.0446186549        0.0008275955        0.2872157896        1.0000000010
227.5000        0.0448167300        0.0008268299        0.2872157896        1.0000000010
228.0000        0.0450147301        0.0008260737        0.2872157896        1.0000000010
228.5000        0.0452126548        0.0008253273        0.2872157896        1.0000000010
229.0000        0.0454105010        0.0008245937        0.2872157896        1.0000000010
229.5000        0.0456082627        0.0008238785        0.2872157896        1.0000000010
230.0000        0.0458059319        0.0008231896        0.2872157896        1.0000000010
230.5000        0.0460034993        0.0008225361        0.2872157896        1.0000000010
231.0000        0.0462009554        0.0008219275        0.2872157896        1.0000000010
231.5000        0.0463982911        0.0008213724        0.2872157896        1.0000000010
232.0000        0.0465954992        0.0008208782        0.2872157896        1.0000000010
232.5000        0.0467925749        0.0008204492        0.2872157897        1.0000000010
233.0000        0.0469895167        0.0008200871        0.2872157896        1.0000000010
233.5000        0.0471863265        0.0008197896        0.2872157896        1.0000000010
234.0000        0.0473830101        0.0008195509        0.2872157896        1.0000000010
234.5000        0.0475795762        0.0008193621        0.2872157896        1.0000000010
235.0000        0.0477760365        0.0008192115        0.2872157896        1.0000000010
235.5000        0.0479724039        0.0008190858        0.2872157896        1.0000000010
236.0000        0.0481686925        0.0008189710        0.2872157896        1.0000000010
236.5000        0.0483649153        0.0008188537        0.2872157896        1.0000000010
237.0000        0.0485622896        0.0008175161        0.2872157895        1.0000000010
237.5000        0.0487584366        0.0008173373        0.2872157895        1.0000000010
238.0000        0.0489544960        0.0008171773        0.2872157895        1.0000000010
238.5000        0.0491504718        0.0008170321        0.2872157895        1.0000000010
239.0000        0.0493463688        0.0008168967        0.2872157895        1.0000000010
239.5000        0.0495421920        0.0008167659        0.2872157895        1.0000000010
240.0000        0.0497379466        0.0008166344        0.2872157895        1.0000000010
240.5000        0.0499336375        0.0008164971        0.2872157895        1.0000000010
241.0000        0.0501292688        0.0008163498        0.2872157895        1.0000000010
241.5000        0.0503248439        0.0008161891        0.2872157895        1.0000000010
242.0000        0.0505203648        0.0008160126        0.2872157895        1.0000000010
242.5000        0.0507158325        0.0008158191        0.2872157895        1.0000000010
243.0000        0.0509112468        0.0008156089        0.2872157895        1.0000000010
243.5000        0.0511066065        0.0008153828        0.2872157895        1.0000000010
244.0000        0.0513019097        0.0008151428        0.2872157895        1.0000000010
244.5000        0.0514971539        0.0008148910        0.2872157895        1.0000000010
245.0000        0.0516923366        0.0008146298        0.2872157895        1.0000000010
245.5000        0.0518874558        0.0008143612        0.2872157895        1.0000000010
246.0000        0.0520825098        0.0008140867        0.2872157895        1.0000000010
246.5000        0.0522774978        0.0008138069        0.2872157895        1.0000000010
247.0000        0.0524724201        0.0008135214        0.2872157895        1.0000000010
247.5000        0.0526672777        0.0008132291        0.2872157895        1.0000000009
248.0000        0.0528620725        0.0008129278        0.2872157895        1.0000000009
248.5000        0.0530568072        0.0008126148        0.2872157895        1.0000000009
249.0000        0.0532514845        0.0008122873        0.2872157895        1.0000000009
249.5000        0.0534461071        0.0008119423        0.2872157895        1.0000000009
250.0000        0.0536406774        0.0008115774        0.2872157895        1.0000000009
250.5000        0.0538351970        0.0008111909        0.2872157895        1.0000000009
251.0000        0.0540296664        0.0008107819        0.2872157895        1.0000000009
251.5000        0.0542240853        0.0008103508        0.2872157895        1.0000000009
252.0000        0.0544184521        0.0008098991        0.2872157895        1.0000000009
252.5000        0.0546127642        0.0008094290        0.2872157895        1.0000000009
253.0000        0.0548070186        0.0008089436        0.2872157895        1.0000000009
253.5000        0.0550012116        0.0008084463        0.2872157895        1.0000000009
254.0000        0.0551953397        0.0008079407        0.2872157895        1.0000000009
254.5000        0.0553893995        0.0008074299        0.2872157895        1.0000000009
255.0000        0.0555833883        0.0008069165        0.2872157895        1.0000000009
255.5000        0.0557773042        0.0008064023        0.2872157895        1.0000000009
256.0000        0.0559711462        0.0008058882        0.2872157895        1.0000000009
256.5000        0.0561649142        0.0008053743        0.2872157895        1.0000000009
257.0000        0.0563586085        0.0008048600        0.2872157895        1.0000000009
257.5000        0.0565522303        0.0008043442        0.2872157895        1.0000000009
258.0000        0.0567457804        0.0008038257        0.2872157895        1.0000000009
258.5000        0.0569392598        0.0008033036        0.2872157895        1.0000000009
259.0000        0.0571326688        0.0008027776        0.2872157895        1.0000000009
259.5000        0.0573260069        0.0008022477        0.2872157895        1.0000000009
260.0000        0.0575192731        0.0008017152        0.2872157895        1.0000000009
260.5000        0.0577124654        0.0008011819        0.2872157895        1.0000000009
261.0000        0.0579055810        0.0008006504        0.2872157895        1.0000000009
261.5000        0.0580986170        0.0008001236        0.2872157895        1.0000000009
262.0000        0.0582915703        0.0007996044        0.2872157895        1.0000000009
262.5000        0.0584844379        0.0007990958        0.2872157895        1.0000000009
263.0000        0.0586772177        0.0007986000        0.2872157895        1.0000000009
263.5000        0.0588699080        0.0007981183        0.2872157895        1.0000000009
264.0000        0.0590625081        0.0007976515        0.2872157895        1.0000000009
264.5000        0.0592550184        0.0007971991        0.2872157895        1.0000000009
265.0000        0.0594474397        0.0007967602        0.2872157895        1.0000000009
265.5000        0.0596397734        0.0007963333        0.2872157895        1.0000000009
266.0000        0.0598320210        0.0007959169        0.2872157895        1.0000000009
266.5000        0.0600241839        0.0007955095        0.2872157895        1.0000000009
267.0000        0.0602162627        0.0007951105        0.2872157895        1.0000000009
267.5000        0.0604082574        0.0007947197        0.2872157895        1.0000000009
268.0000        0.0606001672        0.0007943380        0.2872157895        1.0000000010
268.5000        0.0607919903        0.0007939670        0.2872157895        1.0000000010
269.0000        0.0609837245        0.0007936089        0.2872157895        1.0000000010
269.5000        0.0611753672        0.0007932663        0.2872157895        1.0000000010
270.0000        0.0613669159        0.0007929415        0.2872157895        1.0000000010
270.5000        0.0615583686        0.0007926365        0.2872157896        1.0000000010
271.0000        0.0617497241        0.0007923525        0.2872157896        1.0000000010
271.5000        0.0619409823        0.0007920895        0.2872157896        1.0000000010
272.0000        0.0621321442        0.0007918465        0.2872157895        1.0000000010
272.5000        0.0623232118        0.0007916214        0.2872157895        1.0000000010
273.0000        0.0625141878        0.0007914115        0.2872157895        1.0000000010
273.5000        0.0627050753        0.0007912137        0.2872157895        1.0000000010
274.0000        0.0628958773        0.0007910249        0.2872157895        1.0000000010
274.5000        0.0630865961        0.0007908426        0.2872157895        1.0000000010
275.0000        0.0632772333        0.0007906654        0.2872157895        1.0000000010
275.5000        0.0634677892        0.0007904929        0.2872157895        1.0000000010
276.0000        0.0636582628        0.0007903259        0.2872157895        1.0000000010
276.5000        0.0638486522        0.0007901662        0.2872157895        1.0000000010
277.0000        0.0640389550        0.0007900165        0.2872157895        1.0000000010
277.5000        0.0642291682        0.0007898795        0.2872157895        1.0000000010
278.0000        0.0644192895        0.0007897576        0.2872157895        1.0000000010
278.5000        0.0646093171        0.0007896524        0.2872157895        1.0000000010
279.0000        0.0647992505        0.0007895643        0.2872157895        1.0000000010
279.5000        0.0649890908        0.0007894925        0.2872157895        1.0000000010
280.0000        0.0651788401        0.0007894345        0.2872157895        1.0000000010
280.5000        0.0653685018        0.0007893871        0.2872157895        1.0000000010
281.0000        0.0655580798        0.0007893463        0.2872157895        1.0000000010
281.5000        0.0657475782        0.0007893078        0.2872157895        1.0000000010
282.0000        0.0659370004        0.0007892684        0.2872157895        1.0000000010
282.5000        0.0661263489        0.0007892254        0.2872157895        1.0000000010
283.0000        0.0663156247        0.0007891777        0.2872157895        1.0000000010
283.5000        0.0665048272        0.0007891260        0.2872157895        1.0000000010
284.0000        0.0666939546        0.0007890719        0.2872157895        1.0000000010
284.5000        0.0668830039        0.0007890185        0.2872157895        1.0000000010
285.0000        0.0670719717        0.0007889691        0.2872157895        1.0000000010
285.5000        0.0672608548        0.0007889267        0.2872157895        1.0000000010
286.0000        0.0674496508        0.0007888939        0.2872157895        1.0000000010
286.5000        0.0676383585        0.0007888717        0.2872157895        1.0000000010
287.0000        0.0678269784        0.0007888597        0.2872157895        1.0000000010
287.5000        0.0680155125        0.0007888557        0.2872157895        1.0000000010
288.0000        0.0682039638        0.0007888567        0.2872157895        1.0000000010
288.5000        0.0683923364        0.0007888587        0.2872157895        1.0000000010
289.0000        0.0685806341        0.0007888575        0.2872157895        1.0000000010
289.5000        0.0687688604        0.0007888499        0.2872157895        1.0000000009
290.0000        0.0689570175        0.0007888335        0.2872157895        1.0000000009
290.5000        0.0691451059        0.0007888078        0.2872157895        1.0000000009
291.0000        0.0693331246        0.0007887736        0.2872157895        1.0000000009
291.5000        0.0695210711        0.0007887336        0.2872157895        1.0000000009
292.0000        0.0697089419        0.0007886910        0.2872157895        1.0000000009
292.5000        0.0698967332        0.0007886497        0.2872157895        1.0000000009
293.0000        0.0700844415        0.0007886130        0.2872157895        1.0000000009
293.5000        0.0702720644        0.0007885834        0.2872157895        1.0000000009
294.0000        0.0704596010        0.0007885618        0.2872157895        1.0000000009
294.5000        0.0706470519        0.0007885474        0.2872157895        1.0000000009
295.0000        0.0708344192        0.0007885381        0.2872157895        1.0000000009
295.5000        0.0710217060        0.0007885307        0.2872157895        1.0000000009
296.0000        0.0712089161        0.0007885216        0.2872157895        1.0000000009
296.5000        0.0713960524        0.0007885075        0.2872157895        1.0000000009
297.0000        0.0715831174        0.0007884861        0.2872157895        1.0000000009
297.5000        0.0717701119        0.0007884565        0.2872157895        1.0000000009
298.0000        0.0719570350        0.0007884195        0.2872157895        1.0000000009
298.5000        0.0721438844        0.0007883774        0.2872157895        1.0000000009
299.0000        0.0723306569        0.0007883332        0.2872157895        1.0000000009
299.5000        0.0725173487        0.0007882909        0.2872157895        1.0000000009
300.0000        0.0727039563        0.0007882537        0.2872157895        1.0000000009
