       t   Mean-Field Energy       PE Difference        Total Energy                norm
  0.0000        0.3408440141        0.0005632197        0.3878909597        1.0000000000
  0.5000        0.3400341069        0.0005566804        0.3878909600        1.0000000001
  1.0000        0.3392154626        0.0005504481        0.3878909603        1.0000000004
  1.5000        0.3383878331        0.0005447723        0.3878909606        1.0000000009
  2.0000        0.3375510037        0.0005398697        0.3878909608        1.0000000014
  2.5000        0.3367048042        0.0005359133        0.3878909610        1.0000000020
  3.0000        0.3358491165        0.0005330247        0.3878909611        1.0000000026
  3.5000        0.3349838796        0.0005312685        0.3878909611        1.0000000031
  4.0000        0.3341090921        0.0005306501        0.3878909610        1.0000000034
  4.5000        0.3332248099        0.0005311174        0.3878909609        1.0000000035
  5.0000        0.3323311428        0.0005325644        0.3878909607        1.0000000035
  5.5000        0.3314282468        0.0005348384        0.3878909604        1.0000000033
  6.0000        0.3305163152        0.0005377486        0.3878909602        1.0000000029
  6.5000        0.3295955675        0.0005410778        0.3878909599        1.0000000024
  7.0000        0.3286662373        0.0005445937        0.3878909596        1.0000000019
  7.5000        0.3277285600        0.0005480614        0.3878909593        1.0000000013
  8.0000        0.3267827605        0.0005512557        0.3878909590        1.0000000008
  8.5000        0.3258290423        0.0005539724        0.3878909588        1.0000000005
  9.0000        0.3248675775        0.0005560375        0.3878909586        1.0000000002
  9.5000        0.3238984991        0.0005573159        0.3878909585        1.0000000002
 10.0000        0.3229218962        0.0005577158        0.3878909585        1.0000000003
 10.5000        0.3219378111        0.0005571920        0.3878909585        1.0000000006
 11.0000        0.3209462389        0.0005557461        0.3878909585        1.0000000009
 11.5000        0.3199471309        0.0005534238        0.3878909586        1.0000000014
 12.0000        0.3189403983        0.0005503108        0.3878909588        1.0000000019
 12.5000        0.3179259199        0.0005465253        0.3878909590        1.0000000024
 13.0000        0.3169035496        0.0005422111        0.3878909592        1.0000000028
 13.5000        0.3158731256        0.0005375277        0.3878909594        1.0000000032
 14.0000        0.3148344798        0.0005326418        0.3878909596        1.0000000033
 14.5000        0.3137874465        0.0005277176        0.3878909598        1.0000000034
 15.0000        0.3132566462        0.0000000033        0.3878909599        1.0000000032
 15.5000        0.3121915474        0.0000000294        0.3878909599        1.0000000030
 16.0000        0.3111179964        0.0000000804        0.3878909599        1.0000000026
 16.5000        0.3100359954        0.0000001541        0.3878909599        1.0000000022
 17.0000        0.3089455476        0.0000002471        0.3878909599        1.0000000017
 17.5000        0.3078466570        0.0000003555        0.3878909598        1.0000000013
 18.0000        0.3067393281        0.0000004746        0.3878909598        1.0000000009
 18.5000        0.3056235659        0.0000005995        0.3878909598        1.0000000006
 19.0000        0.3044993754        0.0000007249        0.3878909598        1.0000000004
 19.5000        0.3033667617        0.0000008459        0.3878909598        1.0000000004
 20.0000        0.3022257293        0.0000009577        0.3878909598        1.0000000005
 20.5000        0.3010762822        0.0000010560        0.3878909598        1.0000000007
 21.0000        0.2999184240        0.0000011375        0.3878909598        1.0000000010
 21.5000        0.2987521572        0.0000011994        0.3878909598        1.0000000013
 22.0000        0.2975774834        0.0000012399        0.3878909598        1.0000000018
 22.5000        0.2963944034        0.0000012581        0.3878909598        1.0000000022
 23.0000        0.2952029169        0.0000012543        0.3878909598        1.0000000025
 23.5000        0.2940030228        0.0000012294        0.3878909598        1.0000000028
 24.0000        0.2927947190        0.0000011852        0.3878909598        1.0000000030
 24.5000        0.2915780030        0.0000011244        0.3878909598        1.0000000031
 25.0000        0.2903528715        0.0000010500        0.3878909598        1.0000000031
 25.5000        0.2891193210        0.0000009655        0.3878909598        1.0000000030
 26.0000        0.2878773475        0.0000008748        0.3878909598        1.0000000028
 26.5000        0.2866269474        0.0000007816        0.3878909598        1.0000000025
 27.0000        0.2853681168        0.0000006896        0.3878909598        1.0000000022
 27.5000        0.2841008522        0.0000006022        0.3878909598        1.0000000018
 28.0000        0.2828251508        0.0000005226        0.3878909598        1.0000000015
 28.5000        0.2815410098        0.0000004532        0.3878909598        1.0000000011
 29.0000        0.2802484273        0.0000003960        0.3878909599        1.0000000009
 29.5000        0.2789474021        0.0000003524        0.3878909599        1.0000000007
 30.0000        0.2776379334        0.0000003231        0.3878909599        1.0000000006
 30.5000        0.2763200212        0.0000003083        0.3878909599        1.0000000006
 31.0000        0.2749936660        0.0000003075        0.3878909599        1.0000000007
 31.5000        0.2736588688        0.0000003197        0.3878909598        1.0000000009
 32.0000        0.2723156311        0.0000003436        0.3878909598        1.0000000011
 32.5000        0.2709639547        0.0000003775        0.3878909598        1.0000000014
 33.0000        0.2696038416        0.0000004194        0.3878909598        1.0000000017
 33.5000        0.2682352938        0.0000004673        0.3878909598        1.0000000020
 34.0000        0.2668583136        0.0000005193        0.3878909598        1.0000000023
 34.5000        0.2654729030        0.0000005733        0.3878909598        1.0000000025
 35.0000        0.2640790638        0.0000006277        0.3878909598        1.0000000027
 35.5000        0.2626767976        0.0000006809        0.3878909598        1.0000000028
 36.0000        0.2612661058        0.0000007317        0.3878909598        1.0000000029
 36.5000        0.2598469893        0.0000007793        0.3878909598        1.0000000029
 37.0000        0.2584194489        0.0000008231        0.3878909598        1.0000000028
 37.5000        0.2569834849        0.0000008629        0.3878909598        1.0000000026
 38.0000        0.2555390973        0.0000008988        0.3878909598        1.0000000024
 38.5000        0.2540862860        0.0000009311        0.3878909598        1.0000000022
 39.0000        0.2526250504        0.0000009605        0.3878909598        1.0000000019
 39.5000        0.2511553902        0.0000009877        0.3878909598        1.0000000017
 40.0000        0.2496773045        0.0000010135        0.3878909598        1.0000000014
 40.5000        0.2481907928        0.0000010388        0.3878909598        1.0000000012
 41.0000        0.2466958545        0.0000010642        0.3878909598        1.0000000011
 41.5000        0.2451924892        0.0000010907        0.3878909598        1.0000000010
 42.0000        0.2436806964        0.0000011186        0.3878909598        1.0000000009
 42.5000        0.2421604762        0.0000011483        0.3878909598        1.0000000009
 43.0000        0.2406318286        0.0000011799        0.3878909598        1.0000000009
 43.5000        0.2390947541        0.0000012133        0.3878909598        1.0000000010
 44.0000        0.2375492534        0.0000012481        0.3878909598        1.0000000012
 44.5000        0.2359953272        0.0000012838        0.3878909598        1.0000000013
 45.0000        0.2344329768        0.0000013194        0.3878909598        1.0000000015
 45.5000        0.2328622035        0.0000013542        0.3878909598        1.0000000017
 46.0000        0.2312830086        0.0000013868        0.3878909598        1.0000000019
 46.5000        0.2296953937        0.0000014163        0.3878909598        1.0000000021
 47.0000        0.2280993604        0.0000014414        0.3878909598        1.0000000023
 47.5000        0.2264949101        0.0000014610        0.3878909598        1.0000000024
 48.0000        0.2248820443        0.0000014740        0.3878909598        1.0000000025
 48.5000        0.2232607643        0.0000014797        0.3878909598        1.0000000026
 49.0000        0.2216310712        0.0000014774        0.3878909598        1.0000000026
 49.5000        0.2199929658        0.0000014667        0.3878909598        1.0000000026
 50.0000        0.2183464488        0.0000014474        0.3878909598        1.0000000025
 50.5000        0.2166915204        0.0000014199        0.3878909598        1.0000000024
 51.0000        0.2150281806        0.0000013846        0.3878909598        1.0000000023
 51.5000        0.2133564293        0.0000013424        0.3878909598        1.0000000022
 52.0000        0.2116762657        0.0000012945        0.3878909598        1.0000000021
 52.5000        0.2099876892        0.0000012423        0.3878909598        1.0000000019
 53.0000        0.2082906986        0.0000011875        0.3878909598        1.0000000018
 53.5000        0.2065852927        0.0000011321        0.3878909598        1.0000000017
 54.0000        0.2048714701        0.0000010781        0.3878909598        1.0000000015
 54.5000        0.2031492295        0.0000010278        0.3878909598        1.0000000014
 55.0000        0.2014185692        0.0000009834        0.3878909598        1.0000000013
 55.5000        0.1996794880        0.0000009473        0.3878909598        1.0000000013
 56.0000        0.1979319845        0.0000009215        0.3878909598        1.0000000012
 56.5000        0.1961760574        0.0000009081        0.3878909598        1.0000000012
 57.0000        0.1944117059        0.0000009092        0.3878909598        1.0000000012
 57.5000        0.1926389293        0.0000009263        0.3878909598        1.0000000013
 58.0000        0.1908577272        0.0000009609        0.3878909598        1.0000000013
 58.5000        0.1890680995        0.0000010140        0.3878909598        1.0000000014
 59.0000        0.1872700466        0.0000010866        0.3878909598        1.0000000014
 59.5000        0.1854635692        0.0000011791        0.3878909598        1.0000000015
 60.0000        0.1836486685        0.0000012916        0.3878909598        1.0000000016
 60.5000        0.1818253458        0.0000014238        0.3878909598        1.0000000017
 61.0000        0.1799936033        0.0000015753        0.3878909598        1.0000000018
 61.5000        0.1781534430        0.0000017452        0.3878909598        1.0000000019
 62.0000        0.1763048676        0.0000019323        0.3878909598        1.0000000020
 62.5000        0.1744478801        0.0000021353        0.3878909598        1.0000000020
 63.0000        0.1725824837        0.0000023526        0.3878909598        1.0000000021
 63.5000        0.1707086818        0.0000025824        0.3878909598        1.0000000022
 64.0000        0.1688264781        0.0000028229        0.3878909598        1.0000000022
 64.5000        0.1669358763        0.0000030721        0.3878909598        1.0000000022
 65.0000        0.1650368804        0.0000033280        0.3878909598        1.0000000022
 65.5000        0.1631294943        0.0000035888        0.3878909598        1.0000000022
 66.0000        0.1612137220        0.0000038526        0.3878909598        1.0000000022
 66.5000        0.1592895674        0.0000041177        0.3878909598        1.0000000022
 67.0000        0.1573570346        0.0000043825        0.3878909598        1.0000000022
 67.5000        0.1554161272        0.0000046459        0.3878909598        1.0000000021
 68.0000        0.1534668489        0.0000049066        0.3878909598        1.0000000021
 68.5000        0.1515092034        0.0000051638        0.3878909597        1.0000000021
 69.0000        0.1495431940        0.0000054172        0.3878909597        1.0000000020
 69.5000        0.1475688240        0.0000056664        0.3878909597        1.0000000020
 70.0000        0.1455860964        0.0000059117        0.3878909597        1.0000000019
 70.5000        0.1435950141        0.0000061535        0.3878909597        1.0000000019
 71.0000        0.1415955799        0.0000063926        0.3878909597        1.0000000018
 71.5000        0.1395877963        0.0000066303        0.3878909597        1.0000000018
 72.0000        0.1375716660        0.0000068681        0.3878909597        1.0000000017
 72.5000        0.1355471911        0.0000071079        0.3878909597        1.0000000017
 73.0000        0.1335143741        0.0000073518        0.3878909597        1.0000000017
 73.5000        0.1314732172        0.0000076023        0.3878909597        1.0000000017
 74.0000        0.1294237226        0.0000078623        0.3878909597        1.0000000016
 74.5000        0.1273658925        0.0000081348        0.3878909597        1.0000000016
 75.0000        0.1252997293        0.0000084234        0.3878909597        1.0000000016
 75.5000        0.1232252352        0.0000087316        0.3878909597        1.0000000016
 76.0000        0.1211424129        0.0000090634        0.3878909597        1.0000000016
 76.5000        0.1190512649        0.0000094231        0.3878909597        1.0000000016
 77.0000        0.1169517941        0.0000098151        0.3878909597        1.0000000016
 77.5000        0.1148440035        0.0000102443        0.3878909597        1.0000000016
 78.0000        0.1127278964        0.0000107156        0.3878909597        1.0000000016
 78.5000        0.1106034765        0.0000112344        0.3878909597        1.0000000016
 79.0000        0.1084707476        0.0000118065        0.3878909597        1.0000000016
 79.5000        0.1063297139        0.0000124380        0.3878909597        1.0000000016
 80.0000        0.1041803801        0.0000131354        0.3878909597        1.0000000017
 80.5000        0.1020227512        0.0000139055        0.3878909597        1.0000000017
 81.0000        0.0998568324        0.0000147560        0.3878909596        1.0000000017
 81.5000        0.0976826298        0.0000156950        0.3878909596        1.0000000017
 82.0000        0.0955001494        0.0000167312        0.3878909596        1.0000000017
 82.5000        0.0933093981        0.0000178744        0.3878909596        1.0000000017
 83.0000        0.0911103830        0.0000191352        0.3878909596        1.0000000017
 83.5000        0.0889031118        0.0000205251        0.3878909596        1.0000000017
 84.0000        0.0866875927        0.0000220573        0.3878909596        1.0000000017
 84.5000        0.0844638344        0.0000237460        0.3878909596        1.0000000018
 85.0000        0.0822318460        0.0000256075        0.3878909596        1.0000000018
 85.5000        0.0799916374        0.0000276598        0.3878909596        1.0000000018
 86.0000        0.0777432189        0.0000299233        0.3878909595        1.0000000018
 86.5000        0.0754866014        0.0000324211        0.3878909595        1.0000000018
 87.0000        0.0732217963        0.0000351793        0.3878909595        1.0000000018
 87.5000        0.0709488158        0.0000382279        0.3878909595        1.0000000018
 88.0000        0.0686676725        0.0000416007        0.3878909595        1.0000000018
 88.5000        0.0663783797        0.0000453370        0.3878909595        1.0000000018
 89.0000        0.0640809515        0.0000494816        0.3878909595        1.0000000018
 89.5000        0.0617754026        0.0000540865        0.3878909594        1.0000000018
 90.0000        0.0594617483        0.0000592117        0.3878909594        1.0000000018
 90.5000        0.0571400048        0.0000649275        0.3878909594        1.0000000018
 91.0000        0.0548101891        0.0000713157        0.3878909594        1.0000000018
 91.5000        0.0524723188        0.0000784725        0.3878909593        1.0000000018
 92.0000        0.0501264125        0.0000865117        0.3878909593        1.0000000018
 92.5000        0.0477724898        0.0000955685        0.3878909593        1.0000000018
 93.0000        0.0454105709        0.0001058043        0.3878909593        1.0000000018
 93.5000        0.0430406773        0.0001174139        0.3878909592        1.0000000018
 94.0000        0.0406628313        0.0001306337        0.3878909592        1.0000000018
 94.5000        0.0382770564        0.0001457532        0.3878909592        1.0000000018
 95.0000        0.0358833773        0.0001631311        0.3878909592        1.0000000018
 95.5000        0.0334818196        0.0001832163        0.3878909591        1.0000000018
 96.0000        0.0310724104        0.0002065791        0.3878909591        1.0000000018
 96.5000        0.0286551780        0.0002339543        0.3878909591        1.0000000018
 97.0000        0.0262301523        0.0002663064        0.3878909590        1.0000000018
 97.5000        0.0237973642        0.0003049287        0.3878909590        1.0000000018
 98.0000        0.0213568466        0.0003515990        0.3878909589        1.0000000018
 98.5000        0.0189086337        0.0004088375        0.3878909589        1.0000000018
 99.0000        0.0164527614        0.0004803509        0.3878909589        1.0000000018
 99.5000        0.0139892675        0.0005718486        0.3878909588        1.0000000018
100.0000        0.0115181914        0.0006926477        0.3878909588        1.0000000018
100.5000        0.0090395747        0.0008591018        0.3878909587        1.0000000018
101.0000        0.0065534608        0.0011026202        0.3878909587        1.0000000018
101.5000        0.0040598953        0.0014897652        0.3878909586        1.0000000018
102.0000        0.0015589258        0.0021680635        0.3878909585        1.0000000018
102.5000       -0.0009493976        0.0013788157        0.3878909585        1.0000000018
103.0000       -0.0034650226        0.0001607355        0.3878909584        1.0000000018
103.5000       -0.0059878944        0.0008560896        0.3878909583        1.0000000018
104.0000       -0.0085179556        0.0021126016        0.3878909583        1.0000000018
104.5000       -0.0110551463        0.0013202571        0.3878909582        1.0000000018
105.0000       -0.0135994037        0.0002065854        0.3878909581        1.0000000018
105.5000       -0.0161506623        0.0010020962        0.3878909580        1.0000000018
106.0000       -0.0187088538        0.0025543054        0.3878909580        1.0000000018
106.5000       -0.0212739067        0.0013583095        0.3878909579        1.0000000018
107.0000       -0.0238457466        0.0001756002        0.3878909578        1.0000000018
107.5000       -0.0219388918        0.0030903511        0.3878909577        1.0000000018
108.0000       -0.0229026287        0.0026244065        0.3878909576        1.0000000018
108.5000       -0.0238667415        0.0018169312        0.3878909576        1.0000000018
109.0000       -0.0248311738        0.0008328861        0.3878909575        1.0000000018
109.5000       -0.0257958609        0.0002415483        0.3878909574        1.0000000018
110.0000       -0.0267607297        0.0013657702        0.3878909573        1.0000000018
110.5000       -0.0277256989        0.0025196663        0.3878909572        1.0000000018
111.0000       -0.0286906785        0.0036924598        0.3878909571        1.0000000018
111.5000       -0.0296555698        0.0048779285        0.3878909569        1.0000000018
112.0000       -0.0306202656        0.0060722363        0.3878909568        1.0000000018
112.5000       -0.0315846498        0.0072728788        0.3878909566        1.0000000018
113.0000       -0.0325485975        0.0084781355        0.3878909565        1.0000000018
113.5000       -0.0335119751        0.0096867684        0.3878909563        1.0000000018
114.0000       -0.0344746398        0.0108978476        0.3878909561        1.0000000018
114.5000       -0.0354364402        0.0121106452        0.3878909559        1.0000000018
115.0000       -0.0363972160        0.0133245698        0.3878909557        1.0000000018
115.5000       -0.0373567983        0.0145391237        0.3878909555        1.0000000018
116.0000       -0.0383150096        0.0157538740        0.3878909553        1.0000000018
116.5000       -0.0392716638        0.0169684336        0.3878909550        1.0000000018
117.0000       -0.0402265669        0.0181824478        0.3878909548        1.0000000018
117.5000       -0.0411795170        0.0193955847        0.3878909545        1.0000000018
118.0000       -0.0421303047        0.0206075286        0.3878909543        1.0000000018
118.5000       -0.0430787136        0.0218179752        0.3878909540        1.0000000018
119.0000       -0.0440245208        0.0230266282        0.3878909537        1.0000000018
119.5000       -0.0449674976        0.0242331972        0.3878909535        1.0000000018
120.0000       -0.0459074101        0.0254373958        0.3878909532        1.0000000018
120.5000       -0.0468440199        0.0266389408        0.3878909529        1.0000000018
121.0000       -0.0477770855        0.0278375517        0.3878909526        1.0000000018
121.5000       -0.0487063625        0.0290329508        0.3878909523        1.0000000018
122.0000       -0.0496316057        0.0302248633        0.3878909520        1.0000000018
122.5000       -0.0505525697        0.0314130178        0.3878909517        1.0000000018
123.0000       -0.0514690103        0.0325971472        0.3878909514        1.0000000018
123.5000       -0.0523806865        0.0337769897        0.3878909512        1.0000000018
124.0000       -0.0532873612        0.0349522903        0.3878909509        1.0000000017
124.5000       -0.0541888041        0.0361228015        0.3878909506        1.0000000017
125.0000       -0.0550847923        0.0372882856        0.3878909504        1.0000000017
125.5000       -0.0559751133        0.0384485161        0.3878909501        1.0000000017
126.0000       -0.0568595662        0.0396032795        0.3878909499        1.0000000017
126.5000       -0.0577379643        0.0407523771        0.3878909497        1.0000000017
127.0000       -0.0586101369        0.0418956276        0.3878909496        1.0000000017
127.5000       -0.0594759318        0.0430328684        0.3878909494        1.0000000017
128.0000       -0.0603352173        0.0441639584        0.3878909493        1.0000000017
128.5000       -0.0611878845        0.0442466543        0.3878909492        1.0000000017
129.0000       -0.0620338494        0.0431705454        0.3878909491        1.0000000017
129.5000       -0.0628730550        0.0420941934        0.3878909491        1.0000000017
130.0000       -0.0637054734        0.0410190499        0.3878909491        1.0000000017
130.5000       -0.0645311075        0.0399461662        0.3878909492        1.0000000018
131.0000       -0.0653499928        0.0388763036        0.3878909493        1.0000000018
131.5000       -0.0661621988        0.0378100053        0.3878909494        1.0000000018
132.0000       -0.0669678303        0.0367476453        0.3878909496        1.0000000018
132.5000       -0.0677670282        0.0356894622        0.3878909498        1.0000000018
133.0000       -0.0685599702        0.0346355827        0.3878909501        1.0000000019
133.5000       -0.0693468712        0.0335860394        0.3878909504        1.0000000019
134.0000       -0.0701279827        0.0325407836        0.3878909508        1.0000000019
134.5000       -0.0709035926        0.0314996954        0.3878909512        1.0000000019
135.0000       -0.0716740240        0.0304625922        0.3878909516        1.0000000020
135.5000       -0.0724396340        0.0294292351        0.3878909521        1.0000000020
136.0000       -0.0732008112        0.0283993356        0.3878909526        1.0000000020
136.5000       -0.0739579738        0.0273725612        0.3878909531        1.0000000020
137.0000       -0.0747115668        0.0263485406        0.3878909537        1.0000000020
137.5000       -0.0754620579        0.0253268691        0.3878909543        1.0000000020
138.0000       -0.0762099348        0.0243071142        0.3878909550        1.0000000020
138.5000       -0.0769557004        0.0232888210        0.3878909556        1.0000000020
139.0000       -0.0776998684        0.0222715174        0.3878909563        1.0000000020
139.5000       -0.0784429589        0.0212547201        0.3878909569        1.0000000019
140.0000       -0.0791854931        0.0202379403        0.3878909576        1.0000000019
140.5000       -0.0799279881        0.0192206891        0.3878909582        1.0000000019
141.0000       -0.0806709517        0.0182024838        0.3878909589        1.0000000018
141.5000       -0.0814148768        0.0171828536        0.3878909595        1.0000000018
142.0000       -0.0821602365        0.0161613452        0.3878909601        1.0000000017
142.5000       -0.0829074780        0.0151375283        0.3878909606        1.0000000017
143.0000       -0.0836570182        0.0141110017        0.3878909611        1.0000000016
143.5000       -0.0844092380        0.0130813979        0.3878909615        1.0000000016
144.0000       -0.0851644779        0.0120483883        0.3878909619        1.0000000016
144.5000       -0.0859230332        0.0110116883        0.3878909622        1.0000000015
145.0000       -0.0866851500        0.0099710610        0.3878909625        1.0000000015
145.5000       -0.0874510215        0.0089263216        0.3878909626        1.0000000016
146.0000       -0.0882207845        0.0078773404        0.3878909627        1.0000000016
146.5000       -0.0889945168        0.0068240463        0.3878909627        1.0000000016
147.0000       -0.0897722351        0.0057664281        0.3878909626        1.0000000017
147.5000       -0.0905538933        0.0047045372        0.3878909625        1.0000000018
148.0000       -0.0913393822        0.0036384873        0.3878909622        1.0000000019
148.5000       -0.0921285295        0.0025684547        0.3878909619        1.0000000019
149.0000       -0.0929211013        0.0014946770        0.3878909615        1.0000000020
149.5000       -0.0937168046        0.0004174510        0.3878909610        1.0000000021
150.0000       -0.0945152905        0.0006628715        0.3878909605        1.0000000022
150.5000       -0.0953161598        0.0017458882        0.3878909599        1.0000000022
151.0000       -0.0961189692        0.0028311527        0.3878909593        1.0000000022
151.5000       -0.0969232394        0.0039181828        0.3878909587        1.0000000022
152.0000       -0.0977284642        0.0049869941        0.3878909580        1.0000000022
152.5000       -0.0985341218        0.0038982043        0.3878909574        1.0000000021
153.0000       -0.0993396866        0.0028092012        0.3878909568        1.0000000020
153.5000       -0.1001446429        0.0017205044        0.3878909562        1.0000000019
154.0000       -0.1009484985        0.0006326095        0.3878909557        1.0000000018
154.5000       -0.1017507999        0.0004540259        0.3878909553        1.0000000016
155.0000       -0.1025511465        0.0015389975        0.3878909549        1.0000000015
155.5000       -0.1033492049        0.0026219681        0.3878909546        1.0000000014
156.0000       -0.2948555083        0.0000000000        0.3878909545        1.0000000014
156.5000       -0.2982284029        0.0000001588        0.3878909545        1.0000000013
157.0000       -0.3016096676        0.0000006239        0.3878909545        1.0000000013
157.5000       -0.3050006164        0.0000000699        0.3878909545        1.0000000015
158.0000       -0.3083993287        0.0000004052        0.3878909545        1.0000000018
158.5000       -0.3118064191        0.0000010034        0.3878909545        1.0000000022
159.0000       -0.3152218946        0.0000018460        0.3878909545        1.0000000026
159.5000       -0.3186457657        0.0000029126        0.3878909545        1.0000000031
160.0000       -0.3220780458        0.0000041799        0.3878909545        1.0000000036
160.5000       -0.3255187515        0.0000056224        0.3878909546        1.0000000040
161.0000       -0.3289679022        0.0000072125        0.3878909546        1.0000000043
161.5000       -0.3324255197        0.0000089208        0.3878909546        1.0000000044
162.0000       -0.3358916278        0.0000107160        0.3878909546        1.0000000043
162.5000       -0.3393662523        0.0000125658        0.3878909547        1.0000000041
163.0000       -0.3428638522        0.0000000220        0.3878909547        1.0000000036
163.5000       -0.3463573155        0.0000001956        0.3878909547        1.0000000031
164.0000       -0.3498591733        0.0000005340        0.3878909547        1.0000000024
164.5000       -0.3533694314        0.0000010258        0.3878909547        1.0000000018
165.0000       -0.3568880987        0.0000016570        0.3878909547        1.0000000012
165.5000       -0.3604151867        0.0000024110        0.3878909548        1.0000000008
166.0000       -0.3639507096        0.0000032691        0.3878909548        1.0000000006
166.5000       -0.3674946839        0.0000042106        0.3878909548        1.0000000007
167.0000       -0.3710471279        0.0000052129        0.3878909548        1.0000000011
167.5000       -0.3746080617        0.0000062523        0.3878909548        1.0000000017
168.0000       -0.3781775063        0.0000073044        0.3878909549        1.0000000024
168.5000       -0.3817554835        0.0000083441        0.3878909549        1.0000000033
169.0000       -0.3853420149        0.0000093470        0.3878909549        1.0000000041
169.5000       -0.3889371218        0.0000102892        0.3878909550        1.0000000047
170.0000       -0.3925408239        0.0000111483        0.3878909550        1.0000000051
170.5000       -0.3961531395        0.0000119040        0.3878909550        1.0000000051
171.0000       -0.3997740843        0.0000125384        0.3878909550        1.0000000047
171.5000       -0.4034036713        0.0000130370        0.3878909550        1.0000000039
172.0000       -0.4070419097        0.0000133885        0.3878909550        1.0000000030
172.5000       -0.4106888053        0.0000135857        0.3878909550        1.0000000019
173.0000       -0.4143443595        0.0000136259        0.3878909550        1.0000000009
173.5000       -0.4180085697        0.0000135103        0.3878909550        1.0000000002
174.0000       -0.4216814284        0.0000132449        0.3878909550        0.9999999999
174.5000       -0.4253629244        0.0000128401        0.3878909550        1.0000000001
175.0000       -0.4290530419        0.0000123103        0.3878909549        1.0000000007
175.5000       -0.4327517616        0.0000116736        0.3878909549        1.0000000018
176.0000       -0.4364590607        0.0000109516        0.3878909549        1.0000000030
176.5000       -0.4401850768        0.0000000240        0.3878909549        1.0000000043
177.0000       -0.4439085628        0.0000001198        0.3878909549        1.0000000053
177.5000       -0.4476404671        0.0000002839        0.3878909549        1.0000000058
178.0000       -0.4513807958        0.0000005089        0.3878909549        1.0000000057
178.5000       -0.4551295568        0.0000007853        0.3878909549        1.0000000050
179.0000       -0.4588867605        0.0000011016        0.3878909549        1.0000000038
179.5000       -0.4626524188        0.0000014444        0.3878909549        1.0000000023
180.0000       -0.4664265448        0.0000017997        0.3878909550        1.0000000008
180.5000       -0.4702091523        0.0000021526        0.3878909550        0.9999999997
181.0000       -0.4740002551        0.0000024883        0.3878909550        0.9999999992
181.5000       -0.4777998666        0.0000027926        0.3878909550        0.9999999994
182.0000       -0.4816079989        0.0000030527        0.3878909550        1.0000000004
182.5000       -0.4854246624        0.0000032576        0.3878909550        1.0000000020
183.0000       -0.4892498651        0.0000033986        0.3878909550        1.0000000038
183.5000       -0.4930836122        0.0000034701        0.3878909550        1.0000000054
184.0000       -0.4969259059        0.0000034694        0.3878909550        1.0000000064
184.5000       -0.5007767451        0.0000033972        0.3878909550        1.0000000065
185.0000       -0.5046361251        0.0000032576        0.3878909550        1.0000000057
185.5000       -0.5085040383        0.0000030579        0.3878909550        1.0000000040
186.0000       -0.5123804741        0.0000028083        0.3878909550        1.0000000020
186.5000       -0.5162654193        0.0000025214        0.3878909550        1.0000000001
187.0000       -0.5201588591        0.0000022117        0.3878909550        0.9999999987
187.5000       -0.5240607774        0.0000018947        0.3878909549        0.9999999984
188.0000       -0.5279711577        0.0000015862        0.3878909549        0.9999999993
188.5000       -0.5318912818        0.0000000054        0.3878909549        1.0000000011
189.0000       -0.5358182523        0.0000000481        0.3878909549        1.0000000034
189.5000       -0.5397536508        0.0000001305        0.3878909549        1.0000000056
190.0000       -0.5436974820        0.0000002471        0.3878909549        1.0000000071
190.5000       -0.5476497530        0.0000003904        0.3878909549        1.0000000073
191.0000       -0.5516104723        0.0000005513        0.3878909549        1.0000000061
191.5000       -0.5555796498        0.0000007194        0.3878909550        1.0000000039
192.0000       -0.5595572959        0.0000008839        0.3878909550        1.0000000012
192.5000       -0.5635434210        0.0000010342        0.3878909550        0.9999999989
193.0000       -0.5675380345        0.0000011605        0.3878909550        0.9999999977
193.5000       -0.5715411445        0.0000012544        0.3878909550        0.9999999980
194.0000       -0.5755527569        0.0000013100        0.3878909550        0.9999999999
194.5000       -0.5795728752        0.0000013235        0.3878909550        1.0000000027
195.0000       -0.5836014997        0.0000012944        0.3878909550        1.0000000057
195.5000       -0.5876386281        0.0000012249        0.3878909550        1.0000000077
196.0000       -0.5916842551        0.0000011203        0.3878909550        1.0000000080
196.5000       -0.5957383727        0.0000009881        0.3878909550        1.0000000066
197.0000       -0.5998009713        0.0000008382        0.3878909550        1.0000000037
197.5000       -0.6038720395        0.0000006813        0.3878909549        1.0000000004
198.0000       -0.6079515659        0.0000005288        0.3878909549        0.9999999977
198.5000       -0.6120395390        0.0000003918        0.3878909549        0.9999999968
199.0000       -0.6161359489        0.0000002799        0.3878909549        0.9999999981
199.5000       -0.6202407875        0.0000002009        0.3878909549        1.0000000011
200.0000       -0.6243540494        0.0000001599        0.3878909549        1.0000000048
200.5000       -0.6284757320        0.0000001589        0.3878909549        1.0000000078
201.0000       -0.6326058362        0.0000001968        0.3878909549        1.0000000089
201.5000       -0.6367443659        0.0000002693        0.3878909549        1.0000000077
202.0000       -0.6408913277        0.0000003696        0.3878909549        1.0000000044
202.5000       -0.6450467303        0.0000004886        0.3878909549        1.0000000003
203.0000       -0.6492105840        0.0000006158        0.3878909549        0.9999999970
203.5000       -0.6533828994        0.0000007405        0.3878909550        0.9999999960
204.0000       -0.6575636869        0.0000008522        0.3878909550        0.9999999978
204.5000       -0.6617529553        0.0000009419        0.3878909550        1.0000000017
205.0000       -0.6659507115        0.0000010028        0.3878909550        1.0000000061
205.5000       -0.6701569597        0.0000010305        0.3878909550        1.0000000092
206.0000       -0.6743717012        0.0000010238        0.3878909550        1.0000000095
206.5000       -0.6785949341        0.0000009846        0.3878909550        1.0000000068
207.0000       -0.6828266539        0.0000009175        0.3878909550        1.0000000022
207.5000       -0.6870668533        0.0000008294        0.3878909550        0.9999999976
208.0000       -0.6913155238        0.0000007290        0.3878909549        0.9999999953
208.5000       -0.6955726557        0.0000006259        0.3878909549        0.9999999963
209.0000       -0.6998382393        0.0000005296        0.3878909549        1.0000000004
209.5000       -0.7041122658        0.0000004488        0.3878909549        1.0000000056
210.0000       -0.7083947279        0.0000003905        0.3878909549        1.0000000097
210.5000       -0.7126856206        0.0000003596        0.3878909549        1.0000000104
211.0000       -0.7169849415        0.0000003583        0.3878909549        1.0000000073
211.5000       -0.7212926909        0.0000003861        0.3878909549        1.0000000018
212.0000       -0.7256088718        0.0000004398        0.3878909549        0.9999999966
212.5000       -0.7299334896        0.0000005137        0.3878909549        0.9999999944
213.0000       -0.7342665516        0.0000006005        0.3878909549        0.9999999963
213.5000       -0.7386080663        0.0000006917        0.3878909549        1.0000000017
214.0000       -0.7429580424        0.0000007783        0.3878909550        1.0000000077
214.5000       -0.7473164884        0.0000008520        0.3878909550        1.0000000112
215.0000       -0.7516834114        0.0000009054        0.3878909550        1.0000000102
215.5000       -0.7560588166        0.0000009335        0.3878909550        1.0000000051
216.0000       -0.7604427069        0.0000009335        0.3878909550        0.9999999985
216.5000       -0.7648350819        0.0000009056        0.3878909550        0.9999999940
217.0000       -0.7692359387        0.0000008529        0.3878909550        0.9999999943
217.5000       -0.7736452714        0.0000007813        0.3878909549        0.9999999994
218.0000       -0.7780630717        0.0000006990        0.3878909549        1.0000000065
218.5000       -0.7824893302        0.0000006156        0.3878909549        1.0000000116
219.0000       -0.7869240366        0.0000005411        0.3878909549        1.0000000115
219.5000       -0.7913671813        0.0000004852        0.3878909549        1.0000000062
220.0000       -0.7958187566        0.0000004553        0.3878909549        0.9999999986
220.5000       -0.8002787576        0.0000004562        0.3878909549        0.9999999933
221.0000       -0.8047471831        0.0000004890        0.3878909549        0.9999999936
221.5000       -0.8092240360        0.0000005506        0.3878909549        0.9999999996
222.0000       -0.8137093232        0.0000006340        0.3878909549        1.0000000077
222.5000       -0.8182030549        0.0000007288        0.3878909549        1.0000000128
223.0000       -0.8227052435        0.0000008226        0.3878909549        1.0000000116
223.5000       -0.8272159021        0.0000009025        0.3878909550        1.0000000046
224.0000       -0.8317350421        0.0000009567        0.3878909550        0.9999999961
224.5000       -0.8362626720        0.0000009770        0.3878909550        0.9999999918
225.0000       -0.8407987957        0.0000009598        0.3878909550        0.9999999946
225.5000       -0.8453434112        0.0000009069        0.3878909550        1.0000000030
226.0000       -0.8498965110        0.0000008261        0.3878909549        1.0000000113
226.5000       -0.8544580825        0.0000007299        0.3878909549        1.0000000140
227.0000       -0.8590281103        0.0000006339        0.3878909549        1.0000000088
227.5000       -0.8636065779        0.0000005544        0.3878909549        0.9999999992
228.0000       -0.8681934709        0.0000005058        0.3878909549        0.9999999919
228.5000       -0.8727887795        0.0000004977        0.3878909549        0.9999999920
229.0000       -0.8773925005        0.0000005332        0.3878909549        0.9999999999
229.5000       -0.8820046381        0.0000006077        0.3878909549        1.0000000100
230.0000       -0.8866252039        0.0000007096        0.3878909549        1.0000000150
230.5000       -0.8912542149        0.0000008218        0.3878909549        1.0000000109
231.0000       -0.8958916907        0.0000009247        0.3878909550        1.0000000005
231.5000       -0.9005376499        0.0000009997        0.3878909550        0.9999999915
232.0000       -0.9051921065        0.0000010329        0.3878909550        0.9999999909
232.5000       -0.9098550671        0.0000010179        0.3878909550        0.9999999994
233.0000       -0.9145265292        0.0000009574        0.3878909550        1.0000000106
233.5000       -0.9192064811        0.0000008633        0.3878909549        1.0000000159
234.0000       -0.9238949040        0.0000007543        0.3878909549        1.0000000108
234.5000       -0.9285917757        0.0000006529        0.3878909549        0.9999999990
235.0000       -0.9332970747        0.0000005804        0.3878909549        0.9999999900
235.5000       -0.9380107848        0.0000005527        0.3878909549        0.9999999911
236.0000       -0.9427328989        0.0000005768        0.3878909549        1.0000000019
236.5000       -0.9474634206        0.0000006489        0.3878909549        1.0000000135
237.0000       -0.9522023639        0.0000007549        0.3878909549        1.0000000163
237.5000       -0.9569497504        0.0000008730        0.3878909549        1.0000000076
238.0000       -0.9617056048        0.0000009786        0.3878909550        0.9999999944
238.5000       -0.9664699496        0.0000010492        0.3878909550        0.9999999881
239.0000       -0.9712427997        0.0000010701        0.3878909550        0.9999999943
239.5000       -0.9760241592        0.0000010374        0.3878909550        1.0000000081
240.0000       -0.9808140200        0.0000009594        0.3878909550        1.0000000173
240.5000       -0.9856123634        0.0000008551        0.3878909549        1.0000000136
241.0000       -0.9904191642        0.0000007494        0.3878909549        0.9999999999
241.5000       -0.9952343969        0.0000006682        0.3878909549        0.9999999884
242.0000       -1.0000580412        0.0000006312        0.3878909549        0.9999999898
242.5000       -1.0048900876        0.0000006481        0.3878909549        1.0000000032
243.0000       -1.0097305393        0.0000007153        0.3878909549        1.0000000164
243.5000       -1.0145794120        0.0000008169        0.3878909549        1.0000000169
244.0000       -1.0194367299        0.0000009288        0.3878909549        1.0000000039
244.5000       -1.0243025198        0.0000010240        0.3878909550        0.9999999894
245.0000       -1.0291768044        0.0000010801        0.3878909550        0.9999999875
245.5000       -1.0340595964        0.0000010845        0.3878909550        1.0000000004
246.0000       -1.0389508952        0.0000010380        0.3878909550        1.0000000159
246.5000       -1.0438506870        0.0000009546        0.3878909549        1.0000000185
247.0000       -1.0487589487        0.0000008576        0.3878909549        1.0000000053
247.5000       -1.0536756534        0.0000007738        0.3878909549        0.9999999891
248.0000       -1.0586007782        0.0000007261        0.3878909549        0.9999999864
248.5000       -1.0635343097        0.0000007275        0.3878909549        1.0000000005
249.0000       -1.0684762483        0.0000007776        0.3878909549        1.0000000171
249.5000       -1.0734266075        0.0000008628        0.3878909549        1.0000000190
250.0000       -1.0783854100        0.0000009602        0.3878909549        1.0000000037
250.5000       -1.0833526819        0.0000010438        0.3878909550        0.9999999870
251.0000       -1.0883284448        0.0000010921        0.3878909550        0.9999999868
251.5000       -1.0933127100        0.0000010939        0.3878909550        1.0000000038
252.0000       -1.0983054755        0.0000010514        0.3878909550        1.0000000199
252.5000       -1.1033067268        0.0000009794        0.3878909549        1.0000000174
253.0000       -1.1083164411        0.0000009006        0.3878909549        0.9999999985
253.5000       -1.1133345944        0.0000008392        0.3878909549        0.9999999839
254.0000       -1.1183611680        0.0000008136        0.3878909549        0.9999999902
254.5000       -1.1233961544        0.0000008312        0.3878909549        1.0000000108
255.0000       -1.1284395590        0.0000008864        0.3878909549        1.0000000226
255.5000       -1.1334913982        0.0000009628        0.3878909549        1.0000000115
256.0000       -1.1385516942        0.0000010382        0.3878909550        0.9999999900
256.5000       -1.1436204681        0.0000010915        0.3878909550        0.9999999829
257.0000       -1.1486977337        0.0000011090        0.3878909550        0.9999999991
257.5000       -1.1537834937        0.0000010884        0.3878909550        1.0000000199
258.0000       -1.1588777387        0.0000010389        0.3878909549        1.0000000205
258.5000       -1.1639804512        0.0000009783        0.3878909549        0.9999999995
259.0000       -1.1690916106        0.0000009272        0.3878909549        0.9999999820
259.5000       -1.1742112001        0.0000009022        0.3878909549        0.9999999896
260.0000       -1.1793392116        0.0000009113        0.3878909549        1.0000000136
260.5000       -1.1844756481        0.0000009516        0.3878909549        1.0000000244
261.0000       -1.1896205220        0.0000010105        0.3878909549        1.0000000081
261.5000       -1.1947738512        0.0000010701        0.3878909549        0.9999999846
262.0000       -1.1999356531        0.0000011131        0.3878909550        0.9999999837
262.5000       -1.2051059392        0.0000011279        0.3878909550        1.0000000072
263.0000       -1.2102847118        0.0000011126        0.3878909550        1.0000000253
263.5000       -1.2154719634        0.0000010747        0.3878909549        1.0000000141
264.0000       -1.2206676794        0.0000010288        0.3878909549        0.9999999877
264.5000       -1.2258718432        0.0000009915        0.3878909549        0.9999999806
265.0000       -1.2310844413        0.0000009764        0.3878909549        1.0000000029
265.5000       -1.2363054678        0.0000009892        0.3878909549        1.0000000253
266.0000       -1.2415349260        0.0000010266        0.3878909549        1.0000000174
266.5000       -1.2467728273        0.0000010771        0.3878909549        0.9999999893
267.0000       -1.2520191874        0.0000011250        0.3878909549        0.9999999790
267.5000       -1.2572740210        0.0000011557        0.3878909550        1.0000000013
268.0000       -1.2625373370        0.0000011604        0.3878909550        1.0000000259
268.5000       -1.2678091352        0.0000011394        0.3878909549        1.0000000183
269.0000       -1.2730894066        0.0000011017        0.3878909549        0.9999999884
269.5000       -1.2783781361        0.0000010626        0.3878909549        0.9999999783
270.0000       -1.2836753078        0.0000010379        0.3878909549        1.0000000031
270.5000       -1.2889809106        0.0000010386        0.3878909549        1.0000000277
271.0000       -1.2942949427        0.0000010665        0.3878909549        1.0000000163
271.5000       -1.2996174123        0.0000011134        0.3878909549        0.9999999847
272.0000       -1.3049483351        0.0000011634        0.3878909549        0.9999999791
272.5000       -1.3102877287        0.0000011991        0.3878909550        1.0000000084
273.0000       -1.3156356057        0.0000012080        0.3878909550        1.0000000297
273.5000       -1.3209919683        0.0000011878        0.3878909550        1.0000000106
274.0000       -1.3263568073        0.0000011481        0.3878909549        0.9999999791
274.5000       -1.3317301048        0.0000011066        0.3878909549        0.9999999831
275.0000       -1.3371118416        0.0000010827        0.3878909549        1.0000000173
275.5000       -1.3425020048        0.0000010891        0.3878909549        1.0000000294
276.0000       -1.3479005943        0.0000011259        0.3878909549        1.0000000000
276.5000       -1.3533076229        0.0000011801        0.3878909549        0.9999999743
277.0000       -1.3587231117        0.0000012307        0.3878909550        0.9999999931
277.5000       -1.3641470813        0.0000012571        0.3878909550        1.0000000275
278.0000       -1.3695795420        0.0000012492        0.3878909550        1.0000000227
278.5000       -1.3750204890        0.0000012120        0.3878909549        0.9999999855
279.0000       -1.3804699036        0.0000011641        0.3878909549        0.9999999756
279.5000       -1.3859277615        0.0000011299        0.3878909549        1.0000000098
280.0000       -1.3913940439        0.0000011281        0.3878909549        1.0000000329
280.5000       -1.3968687469        0.0000011626        0.3878909549        1.0000000064
281.0000       -1.4023518837        0.0000012200        0.3878909549        0.9999999733
281.5000       -1.4078434793        0.0000012755        0.3878909550        0.9999999890
282.0000       -1.4133435583        0.0000013042        0.3878909550        1.0000000281
282.5000       -1.4188521330        0.0000012942        0.3878909550        1.0000000246
283.0000       -1.4243691967        0.0000012523        0.3878909549        0.9999999835
283.5000       -1.4298947262        0.0000012018        0.3878909549        0.9999999747
284.0000       -1.4354286935        0.0000011706        0.3878909549        1.0000000142
284.5000       -1.4409710798        0.0000011776        0.3878909549        1.0000000342
285.0000       -1.4465218856        0.0000012221        0.3878909549        0.9999999992
285.5000       -1.4520811309        0.0000012839        0.3878909549        0.9999999697
286.0000       -1.4576488454        0.0000013334        0.3878909550        0.9999999984
286.5000       -1.4632250527        0.0000013471        0.3878909550        1.0000000352
287.0000       -1.4688097577        0.0000013204        0.3878909550        1.0000000141
287.5000       -1.4744029434        0.0000012702        0.3878909549        0.9999999720
288.0000       -1.4800045799        0.0000012266        0.3878909549        0.9999999851
288.5000       -1.4856146407        0.0000012161        0.3878909549        1.0000000306
289.0000       -1.4912331170        0.0000012472        0.3878909549        1.0000000253
289.5000       -1.4968600232        0.0000013055        0.3878909549        0.9999999779
290.0000       -1.5024953891        0.0000013611        0.3878909550        0.9999999760
290.5000       -1.5081392430        0.0000013858        0.3878909550        1.0000000241
291.0000       -1.5137915960        0.0000013688        0.3878909550        1.0000000325
291.5000       -1.5194524350        0.0000013232        0.3878909549        0.9999999843
292.0000       -1.5251217307        0.0000012785        0.3878909549        0.9999999705
292.5000       -1.5307994540        0.0000012635        0.3878909549        1.0000000184
293.0000       -1.5364855936        0.0000012897        0.3878909549        1.0000000366
293.5000       -1.5421801623        0.0000013441        0.3878909549        0.9999999891
294.0000       -1.5478831894        0.0000013971        0.3878909550        0.9999999675
294.5000       -1.5535947035        0.0000014206        0.3878909550        1.0000000148
295.0000       -1.5593147150        0.0000014041        0.3878909550        1.0000000388
295.5000       -1.5650432100        0.0000013617        0.3878909549        0.9999999912
296.0000       -1.5707801590        0.0000013229        0.3878909549        0.9999999659
296.5000       -1.5765255353        0.0000013145        0.3878909549        1.0000000144
297.0000       -1.5822793310        0.0000013441        0.3878909549        1.0000000399
297.5000       -1.5880415622        0.0000013957        0.3878909549        0.9999999900
298.0000       -1.5938122582        0.0000014399        0.3878909550        0.9999999654
298.5000       -1.5995914431        0.0000014526        0.3878909550        1.0000000173
299.0000       -1.6053791209        0.0000014302        0.3878909549        1.0000000397
299.5000       -1.6111752726        0.0000013915        0.3878909549        0.9999999853
300.0000       -1.6169798698        0.0000013651        0.3878909549        0.9999999666
