       t   Mean-Field Energy       PE Difference        Total Energy                norm
  0.0000        0.2199226558        0.0010627316        0.2929403831        1.0000000000
  0.5000        0.2191399085        0.0010923049        0.2929403821        1.0000000000
  1.0000        0.2183494774        0.0011216278        0.2929403811        1.0000000001
  1.5000        0.2175521408        0.0011499313        0.2929403802        1.0000000002
  2.0000        0.2167486496        0.0011764752        0.2929403793        1.0000000003
  2.5000        0.2159397081        0.0012005675        0.2929403785        1.0000000004
  3.0000        0.2151259549        0.0012215830        0.2929403778        1.0000000006
  3.5000        0.2143079469        0.0012389798        0.2929403773        1.0000000007
  4.0000        0.2134861455        0.0012523123        0.2929403768        1.0000000009
  4.5000        0.2126609060        0.0012612421        0.2929403765        1.0000000010
  5.0000        0.2131011825        0.0000000687        0.2929403764        1.0000000011
  5.5000        0.2122751387        0.0000006194        0.2929403764        1.0000000013
  6.0000        0.2114407168        0.0000017165        0.2929403764        1.0000000013
  6.5000        0.2105979415        0.0000033444        0.2929403764        1.0000000014
  7.0000        0.2097523062        0.0000000262        0.2929403763        1.0000000014
  7.5000        0.2088951025        0.0000004925        0.2929403763        1.0000000014
  8.0000        0.2080295272        0.0000015399        0.2929403763        1.0000000014
  8.5000        0.2071556030        0.0000031553        0.2929403762        1.0000000014
  9.0000        0.2062733649        0.0000053139        0.2929403762        1.0000000013
  9.5000        0.2053828589        0.0000079797        0.2929403761        1.0000000012
 10.0000        0.2044841419        0.0000111067        0.2929403760        1.0000000011
 10.5000        0.2035772799        0.0000146400        0.2929403759        1.0000000009
 11.0000        0.2026623466        0.0000185174        0.2929403758        1.0000000008
 11.5000        0.2017394222        0.0000226707        0.2929403757        1.0000000007
 12.0000        0.2008085916        0.0000270275        0.2929403756        1.0000000006
 12.5000        0.1998699425        0.0000315130        0.2929403755        1.0000000005
 13.0000        0.1989235637        0.0000360518        0.2929403754        1.0000000004
 13.5000        0.1979695438        0.0000405693        0.2929403753        1.0000000003
 14.0000        0.1970079692        0.0000449937        0.2929403752        1.0000000002
 14.5000        0.1960389226        0.0000492572        0.2929403751        1.0000000002
 15.0000        0.1950624819        0.0000532974        0.2929403750        1.0000000002
 15.5000        0.1940787190        0.0000570588        0.2929403749        1.0000000002
 16.0000        0.1930876985        0.0000604932        0.2929403749        1.0000000002
 16.5000        0.1920894774        0.0000635608        0.2929403748        1.0000000003
 17.0000        0.1910841045        0.0000662307        0.2929403748        1.0000000003
 17.5000        0.1900716200        0.0000684808        0.2929403747        1.0000000004
 18.0000        0.1890520556        0.0000702983        0.2929403747        1.0000000005
 18.5000        0.1880254344        0.0000716792        0.2929403747        1.0000000006
 19.0000        0.1869917718        0.0000726281        0.2929403747        1.0000000007
 19.5000        0.1859510757        0.0000731574        0.2929403747        1.0000000008
 20.0000        0.1849033473        0.0000732867        0.2929403747        1.0000000009
 20.5000        0.1838485821        0.0000730421        0.2929403747        1.0000000010
 21.0000        0.1827867707        0.0000724547        0.2929403747        1.0000000011
 21.5000        0.1817178997        0.0000715602        0.2929403747        1.0000000011
 22.0000        0.1806419532        0.0000703977        0.2929403748        1.0000000012
 22.5000        0.1795589136        0.0000690083        0.2929403748        1.0000000012
 23.0000        0.1784687626        0.0000674344        0.2929403748        1.0000000012
 23.5000        0.1773714821        0.0000657185        0.2929403748        1.0000000013
 24.0000        0.1762670556        0.0000639026        0.2929403749        1.0000000012
 24.5000        0.1751554684        0.0000620272        0.2929403749        1.0000000012
 25.0000        0.1740367088        0.0000601304        0.2929403749        1.0000000012
 25.5000        0.1729107685        0.0000582480        0.2929403749        1.0000000011
 26.0000        0.1717776430        0.0000564124        0.2929403749        1.0000000011
 26.5000        0.1706920129        0.0000000228        0.2929403749        1.0000000010
 27.0000        0.1695423106        0.0000008253        0.2929403749        1.0000000009
 27.5000        0.1683843907        0.0000027843        0.2929403749        1.0000000009
 28.0000        0.1672239761        0.0000002173        0.2929403748        1.0000000008
 28.5000        0.1660526690        0.0000015538        0.2929403748        1.0000000007
 29.0000        0.1648731710        0.0000041156        0.2929403748        1.0000000007
 29.5000        0.1636855197        0.0000078963        0.2929403747        1.0000000006
 30.0000        0.1624897702        0.0000128730        0.2929403746        1.0000000005
 30.5000        0.1612859943        0.0000190075        0.2929403745        1.0000000005
 31.0000        0.1600742799        0.0000262468        0.2929403744        1.0000000004
 31.5000        0.1588547291        0.0000345249        0.2929403742        1.0000000004
 32.0000        0.1576274577        0.0000437637        0.2929403741        1.0000000004
 32.5000        0.1563925929        0.0000538752        0.2929403739        1.0000000004
 33.0000        0.1551502720        0.0000647630        0.2929403737        1.0000000004
 33.5000        0.1539006404        0.0000763241        0.2929403735        1.0000000004
 34.0000        0.1526438502        0.0000884510        0.2929403733        1.0000000004
 34.5000        0.1513800576        0.0001010333        0.2929403731        1.0000000004
 35.0000        0.1501094218        0.0001139601        0.2929403730        1.0000000005
 35.5000        0.1488321030        0.0001271213        0.2929403728        1.0000000005
 36.0000        0.1475482605        0.0001404097        0.2929403726        1.0000000005
 36.5000        0.1462580514        0.0001537223        0.2929403724        1.0000000006
 37.0000        0.1449616293        0.0001669621        0.2929403722        1.0000000006
 37.5000        0.1436591427        0.0001800392        0.2929403720        1.0000000007
 38.0000        0.1423507344        0.0001928717        0.2929403719        1.0000000007
 38.5000        0.1410365405        0.0002053872        0.2929403717        1.0000000007
 39.0000        0.1397166894        0.0002175229        0.2929403716        1.0000000008
 39.5000        0.1383913020        0.0002292264        0.2929403714        1.0000000008
 40.0000        0.1370604910        0.0002404558        0.2929403713        1.0000000009
 40.5000        0.1357243610        0.0002511804        0.2929403712        1.0000000009
 41.0000        0.1343830089        0.0002613798        0.2929403711        1.0000000009
 41.5000        0.1330365236        0.0002710442        0.2929403710        1.0000000010
 42.0000        0.1316849874        0.0002801738        0.2929403709        1.0000000010
 42.5000        0.1303284755        0.0002887787        0.2929403709        1.0000000010
 43.0000        0.1289670579        0.0002968776        0.2929403708        1.0000000010
 43.5000        0.1276007995        0.0003044974        0.2929403707        1.0000000010
 44.0000        0.1262297610        0.0003116728        0.2929403707        1.0000000010
 44.5000        0.1248540005        0.0003184446        0.2929403706        1.0000000010
 45.0000        0.1234735736        0.0003248599        0.2929403706        1.0000000010
 45.5000        0.1220885355        0.0003309704        0.2929403705        1.0000000010
 46.0000        0.1206989407        0.0003368319        0.2929403704        1.0000000010
 46.5000        0.1193048454        0.0003425035        0.2929403704        1.0000000010
 47.0000        0.1179063071        0.0003480470        0.2929403703        1.0000000010
 47.5000        0.1165033866        0.0003535261        0.2929403703        1.0000000009
 48.0000        0.1154554378        0.0000002807        0.2929403702        1.0000000009
 48.5000        0.1140477109        0.0000034750        0.2929403702        1.0000000009
 49.0000        0.1126322874        0.0000103097        0.2929403701        1.0000000009
 49.5000        0.1112092213        0.0000208647        0.2929403700        1.0000000009
 50.0000        0.1097785953        0.0000351976        0.2929403699        1.0000000008
 50.5000        0.1083405199        0.0000533445        0.2929403697        1.0000000008
 51.0000        0.1068951330        0.0000753210        0.2929403695        1.0000000008
 51.5000        0.1054425991        0.0001011235        0.2929403693        1.0000000008
 52.0000        0.1039831080        0.0001307306        0.2929403690        1.0000000008
 52.5000        0.1025168739        0.0001641051        0.2929403687        1.0000000007
 53.0000        0.1010441333        0.0002011957        0.2929403684        1.0000000007
 53.5000        0.0995651441        0.0002419392        0.2929403680        1.0000000007
 54.0000        0.0980801836        0.0002862623        0.2929403677        1.0000000007
 54.5000        0.0965895467        0.0003340843        0.2929403673        1.0000000007
 55.0000        0.0950935445        0.0003853192        0.2929403669        1.0000000007
 55.5000        0.0935925018        0.0004398781        0.2929403665        1.0000000007
 56.0000        0.0920867563        0.0004976712        0.2929403661        1.0000000007
 56.5000        0.0905766560        0.0005586107        0.2929403656        1.0000000007
 57.0000        0.0890625579        0.0006226128        0.2929403652        1.0000000007
 57.5000        0.0875448265        0.0006895995        0.2929403647        1.0000000007
 58.0000        0.0860238322        0.0007595016        0.2929403643        1.0000000006
 58.5000        0.0844999499        0.0008322600        0.2929403638        1.0000000006
 59.0000        0.0829735577        0.0009078278        0.2929403634        1.0000000006
 59.5000        0.0814450363        0.0009861724        0.2929403629        1.0000000006
 60.0000        0.0799147675        0.0010672767        0.2929403625        1.0000000006
 60.5000        0.0783831336        0.0011511411        0.2929403620        1.0000000007
 61.0000        0.0768505168        0.0012377846        0.2929403616        1.0000000007
 61.5000        0.0753172991        0.0013272460        0.2929403611        1.0000000007
 62.0000        0.0737838614        0.0014195852        0.2929403607        1.0000000007
 62.5000        0.0722505837        0.0015148842        0.2929403602        1.0000000007
 63.0000        0.0707178450        0.0016132476        0.2929403598        1.0000000007
 63.5000        0.0691860237        0.0017148037        0.2929403593        1.0000000007
 64.0000        0.0676554975        0.0018197045        0.2929403589        1.0000000007
 64.5000        0.0680562294        0.0000015155        0.2929403587        1.0000000007
 65.0000        0.0666353321        0.0000138382        0.2929403586        1.0000000007
 65.5000        0.0652081390        0.0000389798        0.2929403585        1.0000000007
 66.0000        0.0637747402        0.0000774398        0.2929403583        1.0000000007
 66.5000        0.0623352709        0.0001296984        0.2929403581        1.0000000007
 67.0000        0.0608899115        0.0001962173        0.2929403578        1.0000000007
 67.5000        0.0594388875        0.0002774411        0.2929403575        1.0000000007
 68.0000        0.0579824689        0.0003737973        0.2929403571        1.0000000007
 68.5000        0.0565209697        0.0004856980        0.2929403567        1.0000000007
 69.0000        0.0550547465        0.0006135405        0.2929403562        1.0000000007
 69.5000        0.0535841980        0.0007577080        0.2929403556        1.0000000007
 70.0000        0.0521097637        0.0009185703        0.2929403551        1.0000000007
 70.5000        0.0506319225        0.0010964844        0.2929403544        1.0000000007
 71.0000        0.0491511912        0.0012917947        0.2929403537        1.0000000007
 71.5000        0.0476681233        0.0015048325        0.2929403530        1.0000000007
 72.0000        0.0461833074        0.0017359161        0.2929403523        1.0000000007
 72.5000        0.0446973654        0.0019853495        0.2929403515        1.0000000007
 73.0000        0.0432109508        0.0022534209        0.2929403506        1.0000000007
 73.5000        0.0417247474        0.0025404012        0.2929403498        1.0000000007
 74.0000        0.0402394673        0.0028465410        0.2929403489        1.0000000007
 74.5000        0.0387558494        0.0031720677        0.2929403479        1.0000000007
 75.0000        0.0372746575        0.0035171820        0.2929403470        1.0000000007
 75.5000        0.0357966790        0.0038820533        0.2929403460        1.0000000007
 76.0000        0.0343227228        0.0042668150        0.2929403450        1.0000000007
 76.5000        0.0328536181        0.0046715591        0.2929403440        1.0000000007
 77.0000        0.0313902127        0.0050963306        0.2929403430        1.0000000007
 77.5000        0.0299333713        0.0055411212        0.2929403419        1.0000000007
 78.0000        0.0284839743        0.0060058627        0.2929403408        1.0000000007
 78.5000        0.0270429160        0.0064904212        0.2929403398        1.0000000007
 79.0000        0.0256111035        0.0069945902        0.2929403387        1.0000000007
 79.5000        0.0241894549        0.0075180846        0.2929403376        1.0000000007
 80.0000        0.0227788983        0.0080605354        0.2929403364        1.0000000007
 80.5000        0.0213803702        0.0086214842        0.2929403353        1.0000000007
 81.0000        0.0199948142        0.0092003795        0.2929403342        1.0000000007
 81.5000        0.0186231796        0.0097965730        0.2929403331        1.0000000007
 82.0000        0.0172664200        0.0104093180        0.2929403320        1.0000000007
 82.5000        0.0159254922        0.0110377680        0.2929403308        1.0000000007
 83.0000        0.0146013545        0.0116809778        0.2929403297        1.0000000007
 83.5000        0.0132949653        0.0123379047        0.2929403286        1.0000000007
 84.0000        0.0120072816        0.0130074122        0.2929403275        1.0000000007
 84.5000        0.0107392577        0.0122596983        0.2929403264        1.0000000007
 85.0000        0.0094918434        0.0108667176        0.2929403253        1.0000000007
 85.5000        0.0082659821        0.0094946583        0.2929403242        1.0000000007
 86.0000        0.0070626094        0.0081444092        0.2929403231        1.0000000007
 86.5000        0.0058826514        0.0068168501        0.2929403221        1.0000000007
 87.0000        0.0047270219        0.0055128500        0.2929403210        1.0000000007
 87.5000        0.0035966213        0.0042332656        0.2929403200        1.0000000007
 88.0000        0.0024923337        0.0029789393        0.2929403190        1.0000000007
 88.5000        0.0014150250        0.0017506971        0.2929403181        1.0000000007
 89.0000        0.0003655403        0.0005493463        0.2929403171        1.0000000007
 89.5000       -0.0006552989        0.0006243266        0.2929403162        1.0000000007
 90.0000       -0.0016466968        0.0017695588        0.2929403154        1.0000000007
 90.5000       -0.0026078869        0.0028856134        0.2929403145        1.0000000007
 91.0000       -0.0035381342        0.0039717827        0.2929403137        1.0000000007
 91.5000       -0.0044367390        0.0050273909        0.2929403130        1.0000000007
 92.0000       -0.0053030396        0.0047594056        0.2929403123        1.0000000007
 92.5000       -0.0061364155        0.0037610059        0.2929403117        1.0000000007
 93.0000       -0.0069362915        0.0027946290        0.2929403111        1.0000000007
 93.5000       -0.0077021403        0.0018608237        0.2929403106        1.0000000007
 94.0000       -0.0084334866        0.0009600890        0.2929403101        1.0000000007
 94.5000       -0.0091299104        0.0000928706        0.2929403098        1.0000000007
 95.0000       -0.0097910505        0.0007404432        0.2929403095        1.0000000007
 95.5000       -0.0104166085        0.0015395249        0.2929403093        1.0000000007
 96.0000       -0.0110063517        0.0023041120        0.2929403091        1.0000000007
 96.5000       -0.0115601169        0.0030340100        0.2929403091        1.0000000007
 97.0000       -0.0120778137        0.0037290964        0.2929403091        1.0000000007
 97.5000       -0.0125594274        0.0043893238        0.2929403093        1.0000000007
 98.0000       -0.0130050225        0.0050147232        0.2929403095        1.0000000007
 98.5000       -0.0134147449        0.0050287753        0.2929403098        1.0000000007
 99.0000       -0.0137888249        0.0044648316        0.2929403103        1.0000000007
 99.5000       -0.0141275788        0.0039352237        0.2929403108        1.0000000007
100.0000       -0.0144314113        0.0034395876        0.2929403115        1.0000000007
100.5000       -0.0147008167        0.0029774690        0.2929403122        1.0000000007
101.0000       -0.0149363795        0.0025483219        0.2929403131        1.0000000007
101.5000       -0.0151387755        0.0021515083        0.2929403141        1.0000000007
102.0000       -0.0153087713        0.0017862984        0.2929403152        1.0000000007
102.5000       -0.0154472237        0.0014518710        0.2929403164        1.0000000007
103.0000       -0.0155550787        0.0011473147        0.2929403177        1.0000000007
103.5000       -0.0156333694        0.0008716300        0.2929403191        1.0000000007
104.0000       -0.0156832133        0.0006237317        0.2929403206        1.0000000007
104.5000       -0.0157058092        0.0004024523        0.2929403222        1.0000000007
105.0000       -0.0157024334        0.0002065456        0.2929403239        1.0000000007
105.5000       -0.0156744345        0.0000346922        0.2929403257        1.0000000007
106.0000       -0.0156232281        0.0001144959        0.2929403275        1.0000000007
106.5000       -0.0155502908        0.0002424685        0.2929403294        1.0000000007
107.0000       -0.0154571531        0.0003507305        0.2929403314        1.0000000008
107.5000       -0.0153453916        0.0004408343        0.2929403334        1.0000000008
108.0000       -0.0152166210        0.0005143712        0.2929403355        1.0000000008
108.5000       -0.0150724847        0.0005729629        0.2929403376        1.0000000008
109.0000       -0.0149146458        0.0006182514        0.2929403396        1.0000000008
109.5000       -0.0147447766        0.0006518894        0.2929403417        1.0000000008
110.0000       -0.0145645480        0.0006755294        0.2929403438        1.0000000008
110.5000       -0.0143756190        0.0006908127        0.2929403458        1.0000000008
111.0000       -0.0141796248        0.0006993586        0.2929403478        1.0000000008
111.5000       -0.0139781660        0.0007027523        0.2929403498        1.0000000008
112.0000       -0.0137727967        0.0007025337        0.2929403516        1.0000000008
112.5000       -0.0135650128        0.0007001859        0.2929403534        1.0000000008
113.0000       -0.0133562410        0.0006971234        0.2929403551        1.0000000008
113.5000       -0.0131478274        0.0006946812        0.2929403567        1.0000000008
114.0000       -0.0129410266        0.0006941038        0.2929403581        1.0000000008
114.5000       -0.0127369919        0.0006965352        0.2929403594        1.0000000008
115.0000       -0.0125367652        0.0007030089        0.2929403606        1.0000000008
115.5000       -0.0123412686        0.0007144392        0.2929403616        1.0000000008
116.0000       -0.0121512963        0.0007316135        0.2929403624        1.0000000008
116.5000       -0.0119675082        0.0007551853        0.2929403631        1.0000000008
117.0000       -0.0117904240        0.0007856686        0.2929403635        1.0000000008
117.5000       -0.0116204192        0.0008234336        0.2929403638        1.0000000008
118.0000       -0.0114577224        0.0008687044        0.2929403639        1.0000000008
118.5000       -0.0113024143        0.0009215571        0.2929403639        1.0000000008
119.0000       -0.0111544281        0.0009819210        0.2929403636        1.0000000008
119.5000       -0.0110135519        0.0010495805        0.2929403632        1.0000000008
120.0000       -0.0108794335        0.0011241793        0.2929403625        1.0000000008
120.5000       -0.0107515856        0.0012052270        0.2929403618        1.0000000008
121.0000       -0.0106293949        0.0012921067        0.2929403609        1.0000000008
121.5000       -0.0105121315        0.0013840849        0.2929403598        1.0000000008
122.0000       -0.0103989616        0.0014803241        0.2929403587        1.0000000008
122.5000       -0.0102889606        0.0015798960        0.2929403574        1.0000000008
123.0000       -0.0101811294        0.0016817977        0.2929403561        1.0000000008
123.5000       -0.0100744116        0.0017849684        0.2929403547        1.0000000008
124.0000       -0.0099677121        0.0018883087        0.2929403533        1.0000000008
124.5000       -0.0098599175        0.0019907004        0.2929403519        1.0000000008
125.0000       -0.0097499169        0.0020910276        0.2929403506        1.0000000008
125.5000       -0.0096366240        0.0021881987        0.2929403492        1.0000000008
126.0000       -0.0095189990        0.0022811682        0.2929403480        1.0000000008
126.5000       -0.0093960711        0.0023689594        0.2929403469        1.0000000008
127.0000       -0.0092669599        0.0024506858        0.2929403460        1.0000000008
127.5000       -0.0091308968        0.0025255723        0.2929403452        1.0000000008
128.0000       -0.0089872444        0.0025929748        0.2929403446        1.0000000008
128.5000       -0.0088355144        0.0026523984        0.2929403441        1.0000000008
129.0000       -0.0086753835        0.0027035129        0.2929403440        1.0000000008
129.5000       -0.0085067066        0.0027461663        0.2929403440        1.0000000008
130.0000       -0.0083295263        0.0027803944        0.2929403443        1.0000000008
130.5000       -0.0081440801        0.0028064281        0.2929403449        1.0000000008
131.0000       -0.0079508029        0.0028246958        0.2929403457        1.0000000007
131.5000       -0.0077503258        0.0028358225        0.2929403467        1.0000000007
132.0000       -0.0075434709        0.0028406243        0.2929403479        1.0000000007
132.5000       -0.0073312414        0.0028400993        0.2929403494        1.0000000007
133.0000       -0.0071148075        0.0028354127        0.2929403511        1.0000000007
133.5000       -0.0068954884        0.0028278796        0.2929403529        1.0000000007
134.0000       -0.0066747298        0.0028189422        0.2929403548        1.0000000007
134.5000       -0.0064540781        0.0028101438        0.2929403568        1.0000000007
135.0000       -0.0062351506        0.0028031000        0.2929403589        1.0000000007
135.5000       -0.0060196043        0.0027994661        0.2929403610        1.0000000007
136.0000       -0.0058091005        0.0028009032        0.2929403630        1.0000000007
136.5000       -0.0056052698        0.0028090420        0.2929403650        1.0000000007
137.0000       -0.0054096746        0.0028254461        0.2929403668        1.0000000008
137.5000       -0.0052237732        0.0028515754        0.2929403684        1.0000000008
138.0000       -0.0050488830        0.0028887499        0.2929403699        1.0000000008
138.5000       -0.0048861466        0.0029381153        0.2929403710        1.0000000008
139.0000       -0.0047365003        0.0030006114        0.2929403719        1.0000000008
139.5000       -0.0046006448        0.0030769431        0.2929403725        1.0000000008
140.0000       -0.0044790216        0.0031675564        0.2929403727        1.0000000008
140.5000       -0.0043717935        0.0032726184        0.2929403725        1.0000000007
141.0000       -0.0042788303        0.0033920038        0.2929403720        1.0000000007
141.5000       -0.0041997017        0.0035252869        0.2929403711        1.0000000007
142.0000       -0.0041336766        0.0036717408        0.2929403698        1.0000000007
142.5000       -0.0040797289        0.0038303436        0.2929403681        1.0000000007
143.0000       -0.0040365516        0.0039997918        0.2929403662        1.0000000007
143.5000       -0.0040025777        0.0041785214        0.2929403639        1.0000000007
144.0000       -0.0039760089        0.0043647364        0.2929403614        1.0000000007
144.5000       -0.0039548506        0.0045564436        0.2929403587        1.0000000007
145.0000       -0.0039369543        0.0047514949        0.2929403559        1.0000000007
145.5000       -0.0039200647        0.0049476347        0.2929403530        1.0000000008
146.0000       -0.0039018720        0.0051425516        0.2929403501        1.0000000008
146.5000       -0.0038800677        0.0053339348        0.2929403473        1.0000000008
147.0000       -0.0038524023        0.0055195311        0.2929403446        1.0000000008
147.5000       -0.0038167427        0.0056972031        0.2929403421        1.0000000008
148.0000       -0.0037711296        0.0058649860        0.2929403400        1.0000000008
148.5000       -0.0037138306        0.0060211412        0.2929403382        1.0000000008
149.0000       -0.0036433883        0.0061642045        0.2929403367        1.0000000008
149.5000       -0.0035586627        0.0062930282        0.2929403358        1.0000000008
150.0000       -0.0034588638        0.0064068145        0.2929403353        1.0000000008
150.5000       -0.0033435750        0.0065051387        0.2929403352        1.0000000008
151.0000       -0.0032127658        0.0065879619        0.2929403357        1.0000000008
151.5000       -0.0030667924        0.0066556321        0.2929403366        1.0000000007
152.0000       -0.0029063859        0.0067088725        0.2929403380        1.0000000007
152.5000       -0.0027326292        0.0067487586        0.2929403397        1.0000000007
153.0000       -0.0025469219        0.0067766830        0.2929403418        1.0000000007
153.5000       -0.0023509351        0.0067943104        0.2929403442        1.0000000007
154.0000       -0.0021465564        0.0068035233        0.2929403467        1.0000000007
154.5000       -0.0019358287        0.0068063601        0.2929403494        1.0000000007
155.0000       -0.0017208830        0.0068049483        0.2929403521        1.0000000008
155.5000       -0.0015038686        0.0068014349        0.2929403547        1.0000000008
156.0000       -0.0012868831        0.0067979160        0.2929403572        1.0000000008
156.5000       -0.0010719043        0.0067963689        0.2929403594        1.0000000008
157.0000       -0.0008607267        0.0067985887        0.2929403614        1.0000000008
157.5000       -0.0006549053        0.0068061316        0.2929403629        1.0000000008
158.0000       -0.0004557080        0.0068202675        0.2929403641        1.0000000008
158.5000       -0.0002640790        0.0068419431        0.2929403649        1.0000000008
159.0000       -0.0000806151        0.0068717581        0.2929403652        1.0000000008
159.5000        0.0000944458        0.0069099535        0.2929403651        1.0000000008
160.0000        0.0002612213        0.0069564148        0.2929403645        1.0000000008
160.5000        0.0004201675        0.0070106888        0.2929403636        1.0000000007
161.0000        0.0005720491        0.0070720135        0.2929403623        1.0000000007
161.5000        0.0007178964        0.0071393609        0.2929403607        1.0000000007
162.0000        0.0008589519        0.0072114902        0.2929403590        1.0000000007
162.5000        0.0009966086        0.0072870093        0.2929403571        1.0000000007
163.0000        0.0011323417        0.0073644434        0.2929403552        1.0000000007
163.5000        0.0012676381        0.0074423052        0.2929403534        1.0000000008
164.0000        0.0014039251        0.0075191663        0.2929403518        1.0000000008
164.5000        0.0015425036        0.0075937239        0.2929403504        1.0000000008
165.0000        0.0027333686        0.0066158288        0.2929403497        1.0000000008
165.5000        0.0029459808        0.0066159222        0.2929403497        1.0000000008
166.0000        0.0031588322        0.0066157302        0.2929403497        1.0000000008
166.5000        0.0033719028        0.0066152720        0.2929403498        1.0000000008
167.0000        0.0035851724        0.0066145671        0.2929403498        1.0000000008
167.5000        0.0037986204        0.0066136353        0.2929403498        1.0000000008
168.0000        0.0040122253        0.0066124974        0.2929403498        1.0000000008
168.5000        0.0042259646        0.0066111753        0.2929403499        1.0000000008
169.0000        0.0044398145        0.0066096922        0.2929403499        1.0000000008
169.5000        0.0046537497        0.0066080725        0.2929403499        1.0000000008
170.0000        0.0048677438        0.0066063422        0.2929403500        1.0000000008
170.5000        0.0050817692        0.0066045284        0.2929403500        1.0000000008
171.0000        0.0052957974        0.0066026589        0.2929403500        1.0000000008
171.5000        0.0055097995        0.0066007622        0.2929403501        1.0000000008
172.0000        0.0057237467        0.0065988666        0.2929403501        1.0000000008
172.5000        0.0059376105        0.0065970000        0.2929403501        1.0000000008
173.0000        0.0061513639        0.0065951892        0.2929403502        1.0000000008
173.5000        0.0063649814        0.0065934591        0.2929403502        1.0000000008
174.0000        0.0065784399        0.0065918325        0.2929403502        1.0000000008
174.5000        0.0067917193        0.0065903292        0.2929403503        1.0000000008
175.0000        0.0070048024        0.0065889661        0.2929403503        1.0000000008
175.5000        0.0072176757        0.0065877562        0.2929403503        1.0000000008
176.0000        0.0074303295        0.0065867090        0.2929403503        1.0000000008
176.5000        0.0076427577        0.0065858304        0.2929403503        1.0000000008
177.0000        0.0078561003        0.0065839800        0.2929403503        1.0000000008
177.5000        0.0080682627        0.0065832518        0.2929403503        1.0000000008
178.0000        0.0082801930        0.0065826980        0.2929403503        1.0000000008
178.5000        0.0084918836        0.0065823256        0.2929403503        1.0000000008
179.0000        0.0087033297        0.0065821394        0.2929403503        1.0000000008
179.5000        0.0089145285        0.0065821421        0.2929403503        1.0000000008
180.0000        0.0091254796        0.0065823337        0.2929403503        1.0000000008
180.5000        0.0093361848        0.0065827122        0.2929403503        1.0000000008
181.0000        0.0095466483        0.0065832735        0.2929403503        1.0000000008
181.5000        0.0097568759        0.0065840113        0.2929403503        1.0000000008
182.0000        0.0099668751        0.0065849181        0.2929403503        1.0000000008
182.5000        0.0101766547        0.0065859851        0.2929403503        1.0000000008
183.0000        0.0103862240        0.0065872024        0.2929403503        1.0000000008
183.5000        0.0105955929        0.0065885603        0.2929403503        1.0000000008
184.0000        0.0108047711        0.0065900489        0.2929403503        1.0000000008
184.5000        0.0110137678        0.0065916588        0.2929403502        1.0000000008
185.0000        0.0112225912        0.0065933816        0.2929403502        1.0000000008
185.5000        0.0114312486        0.0065952098        0.2929403502        1.0000000008
186.0000        0.0116397458        0.0065971375        0.2929403502        1.0000000008
186.5000        0.0118480874        0.0065991601        0.2929403502        1.0000000008
187.0000        0.0120562764        0.0066012741        0.2929403502        1.0000000008
187.5000        0.0122650634        0.0066027290        0.2929403502        1.0000000008
188.0000        0.0124728094        0.0066051633        0.2929403502        1.0000000008
188.5000        0.0126803522        0.0066077395        0.2929403502        1.0000000008
189.0000        0.0128877031        0.0066104462        0.2929403502        1.0000000008
189.5000        0.0130948767        0.0066132684        0.2929403501        1.0000000008
190.0000        0.0133018910        0.0066161883        0.2929403501        1.0000000008
190.5000        0.0135087661        0.0066191853        0.2929403501        1.0000000008
191.0000        0.0137155243        0.0066222373        0.2929403501        1.0000000008
191.5000        0.0139221886        0.0066253210        0.2929403500        1.0000000008
192.0000        0.0141287819        0.0066284132        0.2929403500        1.0000000008
192.5000        0.0143353259        0.0066314921        0.2929403500        1.0000000008
193.0000        0.0145418405        0.0066345377        0.2929403500        1.0000000008
193.5000        0.0147483426        0.0066375328        0.2929403499        1.0000000008
194.0000        0.0149548454        0.0066404640        0.2929403499        1.0000000008
194.5000        0.0151613580        0.0066433218        0.2929403499        1.0000000008
195.0000        0.0153678854        0.0066461012        0.2929403499        1.0000000008
195.5000        0.0155744284        0.0066488011        0.2929403499        1.0000000008
196.0000        0.0157809839        0.0066514244        0.2929403499        1.0000000008
196.5000        0.0159875456        0.0066539770        0.2929403500        1.0000000008
197.0000        0.0161941050        0.0066564673        0.2929403500        1.0000000008
197.5000        0.0164006522        0.0066589050        0.2929403500        1.0000000008
198.0000        0.0166071771        0.0066612999        0.2929403500        1.0000000008
198.5000        0.0168136705        0.0066636611        0.2929403500        1.0000000008
199.0000        0.0170201250        0.0066659956        0.2929403500        1.0000000008
199.5000        0.0172265361        0.0066683078        0.2929403500        1.0000000008
200.0000        0.0174329028        0.0066705985        0.2929403500        1.0000000008
200.5000        0.0176392277        0.0066728648        0.2929403500        1.0000000008
201.0000        0.0178455175        0.0066750999        0.2929403500        1.0000000008
201.5000        0.0180517822        0.0066772935        0.2929403500        1.0000000008
202.0000        0.0182580348        0.0066794323        0.2929403499        1.0000000008
202.5000        0.0184642907        0.0066815010        0.2929403499        1.0000000008
203.0000        0.0186705659        0.0066834829        0.2929403499        1.0000000008
203.5000        0.0188768767        0.0066853617        0.2929403499        1.0000000008
204.0000        0.0190832378        0.0066871223        0.2929403499        1.0000000008
204.5000        0.0192896617        0.0066887521        0.2929403499        1.0000000008
205.0000        0.0194961576        0.0066902416        0.2929403499        1.0000000008
205.5000        0.0197027303        0.0066915854        0.2929403499        1.0000000008
206.0000        0.0199093806        0.0066927828        0.2929403499        1.0000000008
206.5000        0.0201161048        0.0066938370        0.2929403499        1.0000000008
207.0000        0.0203228949        0.0066947559        0.2929403499        1.0000000008
207.5000        0.0205297396        0.0066955503        0.2929403499        1.0000000008
208.0000        0.0207366250        0.0066962339        0.2929403499        1.0000000008
208.5000        0.0209435357        0.0066968219        0.2929403499        1.0000000008
209.0000        0.0211504562        0.0066973296        0.2929403500        1.0000000008
209.5000        0.0213573715        0.0066977715        0.2929403500        1.0000000008
210.0000        0.0215642691        0.0066981603        0.2929403500        1.0000000008
210.5000        0.0217711388        0.0066985056        0.2929403500        1.0000000008
211.0000        0.0219779740        0.0066988140        0.2929403500        1.0000000008
211.5000        0.0221847714        0.0066990885        0.2929403500        1.0000000008
212.0000        0.0223915313        0.0066993285        0.2929403500        1.0000000008
212.5000        0.0225982569        0.0066995309        0.2929403500        1.0000000008
213.0000        0.0228049534        0.0066996900        0.2929403500        1.0000000008
213.5000        0.0230116273        0.0066997992        0.2929403500        1.0000000008
214.0000        0.0232182855        0.0066998514        0.2929403500        1.0000000008
214.5000        0.0234249338        0.0066998407        0.2929403500        1.0000000008
215.0000        0.0236315763        0.0066997627        0.2929403500        1.0000000008
215.5000        0.0238382145        0.0066996155        0.2929403500        1.0000000008
216.0000        0.0240448472        0.0066994003        0.2929403500        1.0000000008
216.5000        0.0242514702        0.0066991212        0.2929403500        1.0000000008
217.0000        0.0244580763        0.0066987851        0.2929403500        1.0000000008
217.5000        0.0246646562        0.0066984010        0.2929403500        1.0000000008
218.0000        0.0248711990        0.0066979798        0.2929403500        1.0000000008
218.5000        0.0250776934        0.0066975325        0.2929403500        1.0000000008
219.0000        0.0252841283        0.0066970702        0.2929403500        1.0000000008
219.5000        0.0254904939        0.0066966025        0.2929403500        1.0000000008
220.0000        0.0256967825        0.0066961369        0.2929403500        1.0000000008
220.5000        0.0259029886        0.0066956789        0.2929403501        1.0000000008
221.0000        0.0261091095        0.0066952310        0.2929403501        1.0000000008
221.5000        0.0263151449        0.0066947934        0.2929403500        1.0000000008
222.0000        0.0265210966        0.0066943642        0.2929403500        1.0000000008
222.5000        0.0267269676        0.0066939403        0.2929403500        1.0000000008
223.0000        0.0269327616        0.0066935178        0.2929403500        1.0000000008
223.5000        0.0271391654        0.0066924099        0.2929403500        1.0000000008
224.0000        0.0273448312        0.0066919641        0.2929403500        1.0000000008
224.5000        0.0275504124        0.0066915271        0.2929403500        1.0000000008
225.0000        0.0277559073        0.0066911005        0.2929403500        1.0000000008
225.5000        0.0279613142        0.0066906858        0.2929403500        1.0000000008
226.0000        0.0281666320        0.0066902843        0.2929403500        1.0000000008
226.5000        0.0283718592        0.0066898971        0.2929403500        1.0000000008
227.0000        0.0285769947        0.0066895255        0.2929403500        1.0000000008
227.5000        0.0287820374        0.0066891704        0.2929403500        1.0000000008
228.0000        0.0289869864        0.0066888327        0.2929403500        1.0000000008
228.5000        0.0291918409        0.0066885131        0.2929403500        1.0000000008
229.0000        0.0293966001        0.0066882124        0.2929403501        1.0000000008
229.5000        0.0296012634        0.0066879310        0.2929403501        1.0000000008
230.0000        0.0298058305        0.0066876693        0.2929403501        1.0000000008
230.5000        0.0300103011        0.0066874275        0.2929403501        1.0000000008
231.0000        0.0302146751        0.0066872057        0.2929403501        1.0000000008
231.5000        0.0304189525        0.0066870039        0.2929403501        1.0000000008
232.0000        0.0306231336        0.0066868216        0.2929403501        1.0000000008
232.5000        0.0308272186        0.0066866587        0.2929403501        1.0000000008
233.0000        0.0310312081        0.0066865145        0.2929403500        1.0000000008
233.5000        0.0312351025        0.0066863885        0.2929403500        1.0000000008
234.0000        0.0314389025        0.0066862801        0.2929403500        1.0000000008
234.5000        0.0316426086        0.0066861887        0.2929403500        1.0000000008
235.0000        0.0318462215        0.0066861135        0.2929403500        1.0000000008
235.5000        0.0320497419        0.0066860540        0.2929403500        1.0000000008
236.0000        0.0322531701        0.0066860096        0.2929403500        1.0000000008
236.5000        0.0324565070        0.0066859795        0.2929403500        1.0000000008
237.0000        0.0326597530        0.0066859633        0.2929403500        1.0000000008
237.5000        0.0328629087        0.0066859602        0.2929403500        1.0000000008
238.0000        0.0330659748        0.0066859696        0.2929403500        1.0000000008
238.5000        0.0332689519        0.0066859909        0.2929403500        1.0000000008
239.0000        0.0334718407        0.0066860233        0.2929403500        1.0000000008
239.5000        0.0336746421        0.0066860658        0.2929403500        1.0000000008
240.0000        0.0338773569        0.0066861177        0.2929403500        1.0000000008
240.5000        0.0340799861        0.0066861779        0.2929403500        1.0000000008
241.0000        0.0342825305        0.0066862455        0.2929403500        1.0000000008
241.5000        0.0344849913        0.0066863194        0.2929403500        1.0000000008
242.0000        0.0346873694        0.0066863986        0.2929403500        1.0000000008
242.5000        0.0348896656        0.0066864822        0.2929403500        1.0000000008
243.0000        0.0350918808        0.0066865693        0.2929403500        1.0000000008
243.5000        0.0352940157        0.0066866591        0.2929403500        1.0000000008
244.0000        0.0354960710        0.0066867510        0.2929403500        1.0000000008
244.5000        0.0356980471        0.0066868445        0.2929403500        1.0000000008
245.0000        0.0358999444        0.0066869390        0.2929403500        1.0000000008
245.5000        0.0361017632        0.0066870343        0.2929403500        1.0000000008
246.0000        0.0363035037        0.0066871301        0.2929403500        1.0000000008
246.5000        0.0365051662        0.0066872260        0.2929403500        1.0000000008
247.0000        0.0367067510        0.0066873219        0.2929403500        1.0000000008
247.5000        0.0369082581        0.0066874173        0.2929403500        1.0000000008
248.0000        0.0371096881        0.0066875120        0.2929403500        1.0000000008
248.5000        0.0373110411        0.0066876056        0.2929403500        1.0000000008
249.0000        0.0375123175        0.0066876976        0.2929403500        1.0000000008
249.5000        0.0377135177        0.0066877876        0.2929403500        1.0000000008
250.0000        0.0379146420        0.0066878753        0.2929403500        1.0000000008
250.5000        0.0381156908        0.0066879603        0.2929403500        1.0000000008
251.0000        0.0383166641        0.0066880422        0.2929403500        1.0000000008
251.5000        0.0385175622        0.0066881211        0.2929403500        1.0000000008
252.0000        0.0387183849        0.0066881968        0.2929403500        1.0000000008
252.5000        0.0389191321        0.0066882694        0.2929403500        1.0000000008
253.0000        0.0391198036        0.0066883391        0.2929403500        1.0000000008
253.5000        0.0393203989        0.0066884062        0.2929403500        1.0000000008
254.0000        0.0395209178        0.0066884710        0.2929403500        1.0000000008
254.5000        0.0397213598        0.0066885339        0.2929403500        1.0000000008
255.0000        0.0399217246        0.0066885952        0.2929403500        1.0000000008
255.5000        0.0401220117        0.0066886551        0.2929403500        1.0000000008
256.0000        0.0403222208        0.0066887139        0.2929403500        1.0000000008
256.5000        0.0405223518        0.0066887718        0.2929403500        1.0000000008
257.0000        0.0407224045        0.0066888289        0.2929403500        1.0000000008
257.5000        0.0409223786        0.0066888852        0.2929403500        1.0000000008
258.0000        0.0411222741        0.0066889409        0.2929403500        1.0000000008
258.5000        0.0413220907        0.0066889961        0.2929403500        1.0000000008
259.0000        0.0415218283        0.0066890509        0.2929403500        1.0000000008
259.5000        0.0417214865        0.0066891055        0.2929403500        1.0000000008
260.0000        0.0419210649        0.0066891603        0.2929403500        1.0000000008
260.5000        0.0421205632        0.0066892157        0.2929403500        1.0000000008
261.0000        0.0423199808        0.0066892720        0.2929403500        1.0000000008
261.5000        0.0425193173        0.0066893298        0.2929403500        1.0000000008
262.0000        0.0427185721        0.0066893893        0.2929403500        1.0000000008
262.5000        0.0429177447        0.0066894511        0.2929403500        1.0000000008
263.0000        0.0431168348        0.0066895155        0.2929403500        1.0000000008
263.5000        0.0433158421        0.0066895828        0.2929403500        1.0000000008
264.0000        0.0435147662        0.0066896532        0.2929403500        1.0000000008
264.5000        0.0437136069        0.0066897268        0.2929403500        1.0000000008
265.0000        0.0439123642        0.0066898037        0.2929403500        1.0000000008
265.5000        0.0441110378        0.0066898841        0.2929403500        1.0000000008
266.0000        0.0443096276        0.0066899680        0.2929403500        1.0000000008
266.5000        0.0445081335        0.0066900554        0.2929403500        1.0000000008
267.0000        0.0447065553        0.0066901466        0.2929403500        1.0000000008
267.5000        0.0449048929        0.0066902416        0.2929403500        1.0000000008
268.0000        0.0451031459        0.0066903407        0.2929403500        1.0000000008
268.5000        0.0453013142        0.0066904439        0.2929403500        1.0000000008
269.0000        0.0454993976        0.0066905515        0.2929403500        1.0000000008
269.5000        0.0456973959        0.0066906636        0.2929403500        1.0000000008
270.0000        0.0458953090        0.0066907803        0.2929403500        1.0000000008
270.5000        0.0460931368        0.0066909016        0.2929403500        1.0000000008
271.0000        0.0462908793        0.0066910275        0.2929403500        1.0000000008
271.5000        0.0464885365        0.0066911579        0.2929403500        1.0000000008
272.0000        0.0466861084        0.0066912928        0.2929403500        1.0000000008
272.5000        0.0468835952        0.0066914319        0.2929403500        1.0000000008
273.0000        0.0470809969        0.0066915753        0.2929403500        1.0000000008
273.5000        0.0472783137        0.0066917228        0.2929403500        1.0000000008
274.0000        0.0474755454        0.0066918743        0.2929403500        1.0000000008
274.5000        0.0476726923        0.0066920298        0.2929403500        1.0000000008
275.0000        0.0478697542        0.0066921892        0.2929403500        1.0000000008
275.5000        0.0480667314        0.0066923524        0.2929403500        1.0000000008
276.0000        0.0482636238        0.0066925194        0.2929403500        1.0000000008
276.5000        0.0484604315        0.0066926899        0.2929403500        1.0000000008
277.0000        0.0486571548        0.0066928638        0.2929403500        1.0000000008
277.5000        0.0488537937        0.0066930409        0.2929403500        1.0000000008
278.0000        0.0490503485        0.0066932211        0.2929403500        1.0000000008
278.5000        0.0492468194        0.0066934040        0.2929403500        1.0000000008
279.0000        0.0494432065        0.0066935894        0.2929403500        1.0000000008
279.5000        0.0496395101        0.0066937773        0.2929403500        1.0000000008
280.0000        0.0498357303        0.0066939673        0.2929403500        1.0000000008
280.5000        0.0500318672        0.0066941595        0.2929403500        1.0000000008
281.0000        0.0502279208        0.0066943536        0.2929403500        1.0000000008
281.5000        0.0504238912        0.0066945496        0.2929403500        1.0000000008
282.0000        0.0506197785        0.0066947475        0.2929403500        1.0000000008
282.5000        0.0508155829        0.0066949471        0.2929403500        1.0000000008
283.0000        0.0510113043        0.0066951482        0.2929403500        1.0000000008
283.5000        0.0512069431        0.0066953507        0.2929403500        1.0000000008
284.0000        0.0514024994        0.0066955544        0.2929403500        1.0000000008
284.5000        0.0515979734        0.0066957590        0.2929403500        1.0000000008
285.0000        0.0517933653        0.0066959643        0.2929403500        1.0000000008
285.5000        0.0519886753        0.0066961701        0.2929403500        1.0000000008
286.0000        0.0521839034        0.0066963764        0.2929403500        1.0000000008
286.5000        0.0523790499        0.0066965829        0.2929403500        1.0000000008
287.0000        0.0525741146        0.0066967899        0.2929403500        1.0000000008
287.5000        0.0527690974        0.0066969972        0.2929403500        1.0000000008
288.0000        0.0529639983        0.0066972049        0.2929403500        1.0000000008
288.5000        0.0531588173        0.0066974132        0.2929403500        1.0000000008
289.0000        0.0533535543        0.0066976219        0.2929403500        1.0000000008
289.5000        0.0535482092        0.0066978312        0.2929403500        1.0000000008
290.0000        0.0537427822        0.0066980410        0.2929403500        1.0000000008
290.5000        0.0539372733        0.0066982510        0.2929403500        1.0000000008
291.0000        0.0541316827        0.0066984613        0.2929403500        1.0000000008
291.5000        0.0543260104        0.0066986717        0.2929403500        1.0000000008
292.0000        0.0545202565        0.0066988821        0.2929403500        1.0000000008
292.5000        0.0547144210        0.0066990926        0.2929403500        1.0000000008
293.0000        0.0549085037        0.0066993031        0.2929403500        1.0000000008
293.5000        0.0551025046        0.0066995140        0.2929403500        1.0000000008
294.0000        0.0552964234        0.0066997253        0.2929403500        1.0000000008
294.5000        0.0554902598        0.0066999373        0.2929403500        1.0000000008
295.0000        0.0556840136        0.0067001502        0.2929403500        1.0000000008
295.5000        0.0558776847        0.0067003643        0.2929403500        1.0000000008
296.0000        0.0560712729        0.0067005794        0.2929403500        1.0000000008
296.5000        0.0562647782        0.0067007958        0.2929403500        1.0000000008
297.0000        0.0564582005        0.0067010134        0.2929403500        1.0000000009
297.5000        0.0566515399        0.0067012322        0.2929403500        1.0000000009
298.0000        0.0568447964        0.0067014521        0.2929403500        1.0000000009
298.5000        0.0570379699        0.0067016732        0.2929403500        1.0000000009
299.0000        0.0572310603        0.0067018956        0.2929403500        1.0000000009
299.5000        0.0574240674        0.0067021195        0.2929403500        1.0000000009
300.0000        0.0576169910        0.0067023451        0.2929403500        1.0000000009
