       t                  x1                  x2
  0.0000       -0.8592138498        0.2355947316
  0.5000       -0.8575765612        0.2384785049
  1.0000       -0.8559054002        0.2413622637
  1.5000       -0.8542003749        0.2442459710
  2.0000       -0.8524614983        0.2471295659
  2.5000       -0.8506887887        0.2500129651
  3.0000       -0.8488822693        0.2528960646
  3.5000       -0.8470419676        0.2557787429
  4.0000       -0.8451679151        0.2586608633
  4.5000       -0.8432601466        0.2615422773
  5.0000       -0.8413186993        0.2644228285
  5.5000       -0.8393436127        0.2673023560
  6.0000       -0.8373349268        0.2701806983
  6.5000       -0.8352926822        0.2730576965
  7.0000       -0.8332169187        0.2759331986
  7.5000       -0.8311076746        0.2788070617
  8.0000       -0.8289649861        0.2816791555
  8.5000       -0.8267888866        0.2845493645
  9.0000       -0.8245794059        0.2874175898
  9.5000       -0.8223365699        0.2902837507
 10.0000       -0.8200604000        0.2931477853
 10.5000       -0.8177509131        0.2960096509
 11.0000       -0.8154081212        0.2988693239
 11.5000       -0.8130320316        0.3017267988
 12.0000       -0.8106226467        0.3045820869
 12.5000       -0.8081799647        0.3074352153
 13.0000       -0.8057039792        0.3102862240
 13.5000       -0.8031946805        0.3131351646
 14.0000       -0.8006520552        0.3159820970
 14.5000       -0.7980760874        0.3188270875
 15.0000       -0.7954667591        0.3216702063
 15.5000       -0.7928240506        0.3245115242
 16.0000       -0.7901479413        0.3273511113
 16.5000       -0.7874384106        0.3301890339
 17.0000       -0.7846954378        0.3330253534
 17.5000       -0.7819190032        0.3358601240
 18.0000       -0.7791090882        0.3386933917
 18.5000       -0.7762656759        0.3415251935
 19.0000       -0.7733887514        0.3443555566
 19.5000       -0.7704783019        0.3471844985
 20.0000       -0.7675343169        0.3500120267
 20.5000       -0.7645567885        0.3528381396
 21.0000       -0.7615457107        0.3556628270
 21.5000       -0.7585010802        0.3584860712
 22.0000       -0.7554228956        0.3613078481
 22.5000       -0.7523111574        0.3641281288
 23.0000       -0.7491658677        0.3669468805
 23.5000       -0.7459870300        0.3697640684
 24.0000       -0.7427746490        0.3725796568
 24.5000       -0.7395287301        0.3753936105
 25.0000       -0.7362492792        0.3782058962
 25.5000       -0.7329363026        0.3810164831
 26.0000       -0.7295898066        0.3838253441
 26.5000       -0.7262097978        0.3866324559
 27.0000       -0.7227962824        0.3894378000
 27.5000       -0.7193492665        0.3922413622
 28.0000       -0.7158687562        0.3950431327
 28.5000       -0.7123547578        0.3978431057
 29.0000       -0.7088072776        0.4006412786
 29.5000       -0.7052263224        0.4034376514
 30.0000       -0.7016118998        0.4062322255
 30.5000       -0.6979640184        0.4090250029
 31.0000       -0.6942826880        0.4118159847
 31.5000       -0.6905679206        0.4146051699
 32.0000       -0.6868197298        0.4173925544
 32.5000       -0.6830381319        0.4201781297
 33.0000       -0.6792231461        0.4229618816
 33.5000       -0.6753747945        0.4257437894
 34.0000       -0.6715063313        0.4285142739
 34.5000       -0.6676133740        0.4312761886
 35.0000       -0.6636871068        0.4340358220
 35.5000       -0.6597275302        0.4367931733
 36.0000       -0.6557346451        0.4395482406
 36.5000       -0.6517084530        0.4423010209
 37.0000       -0.6476489563        0.4450515093
 37.5000       -0.6435561582        0.4477996992
 38.0000       -0.6394300632        0.4505455818
 38.5000       -0.6352706768        0.4532891461
 39.0000       -0.6310780061        0.4560303784
 39.5000       -0.6268520594        0.4587692627
 40.0000       -0.6225928469        0.4615057802
 40.5000       -0.6183003799        0.4642399094
 41.0000       -0.6139746717        0.4669716262
 41.5000       -0.6096157370        0.4697009041
 42.0000       -0.6052235923        0.4724277138
 42.5000       -0.6007982556        0.4751520241
 43.0000       -0.5963397466        0.4778738011
 43.5000       -0.5918480864        0.4805930094
 44.0000       -0.5873232977        0.4833096116
 44.5000       -0.5827654045        0.4860235687
 45.0000       -0.5781744321        0.4887348405
 45.5000       -0.5735504070        0.4914433856
 46.0000       -0.5688933569        0.4941491617
 46.5000       -0.5642033106        0.4968521260
 47.0000       -0.5594802976        0.4995522352
 47.5000       -0.5547243483        0.5022494457
 48.0000       -0.5499354940        0.5049437139
 48.5000       -0.5451137664        0.5076349963
 49.0000       -0.5402591978        0.5103232496
 49.5000       -0.5353718212        0.5130084308
 50.0000       -0.5304516697        0.5156904976
 50.5000       -0.5254987771        0.5183694080
 51.0000       -0.5205131773        0.5210451205
 51.5000       -0.5154949044        0.5237175944
 52.0000       -0.5104439931        0.5263867893
 52.5000       -0.5053604781        0.5290526656
 53.0000       -0.5002443944        0.5317151842
 53.5000       -0.4950957772        0.5343743062
 54.0000       -0.4899146623        0.5370299933
 54.5000       -0.4847010853        0.5396822075
 55.0000       -0.4794550827        0.5423309110
 55.5000       -0.4741766908        0.5449760659
 56.0000       -0.4688659468        0.5476176347
 56.5000       -0.4635228882        0.5502555796
 57.0000       -0.4581475530        0.5528898627
 57.5000       -0.4527399797        0.5555204458
 58.0000       -0.4473002076        0.5581472904
 58.5000       -0.4418282765        0.5607703575
 59.0000       -0.4363242272        0.5633896078
 59.5000       -0.4307881011        0.5660050012
 60.0000       -0.4252199403        0.5686164974
 60.5000       -0.4196197881        0.5712240550
 61.0000       -0.4139876884        0.5738276324
 61.5000       -0.4083236862        0.5764271870
 62.0000       -0.4026278275        0.5790226758
 62.5000       -0.3969001593        0.5816140550
 63.0000       -0.3911407296        0.5842012802
 63.5000       -0.3853495875        0.5867843065
 64.0000       -0.3795267832        0.5893630882
 64.5000       -0.3736723679        0.5919375794
 65.0000       -0.3677863942        0.5945077334
 65.5000       -0.3618689155        0.5970735033
 66.0000       -0.3559199866        0.5996348417
 66.5000       -0.3499396634        0.6021917009
 67.0000       -0.3439280030        0.6047440330
 67.5000       -0.3378850638        0.6072917898
 68.0000       -0.3318109055        0.6098349229
 68.5000       -0.3257055889        0.6123733839
 69.0000       -0.3195691764        0.6149071243
 69.5000       -0.3134017316        0.6174360954
 70.0000       -0.3072033196        0.6199602486
 70.5000       -0.3009740070        0.6224795354
 71.0000       -0.2947138620        0.6249939073
 71.5000       -0.2884229544        0.6275033157
 72.0000       -0.2821013557        0.6300077121
 72.5000       -0.2757491393        0.6325070483
 73.0000       -0.2693663804        0.6350012759
 73.5000       -0.2629531562        0.6374903467
 74.0000       -0.2565095463        0.6399742123
 74.5000       -0.2500356323        0.6424528247
 75.0000       -0.2435314982        0.6449261355
 75.5000       -0.2369972307        0.6473940966
 76.0000       -0.2304329192        0.6498566597
 76.5000       -0.2238386557        0.6523137763
 77.0000       -0.2172145354        0.6547653981
 77.5000       -0.2105606568        0.6572114764
 78.0000       -0.2038771214        0.6596519624
 78.5000       -0.1971640345        0.6620868073
 79.0000       -0.1904215050        0.6645159619
 79.5000       -0.1836496459        0.6669393768
 80.0000       -0.1768485739        0.6693570025
 80.5000       -0.1700184103        0.6717687892
 81.0000       -0.1631592809        0.6741746869
 81.5000       -0.1562713159        0.6765746453
 82.0000       -0.1493546507        0.6789686140
 82.5000       -0.1424094254        0.6813565423
 83.0000       -0.1354357857        0.6837383796
 83.5000       -0.1284338826        0.6861140748
 84.0000       -0.1214038728        0.6884835770
 84.5000       -0.1143459188        0.6908468353
 85.0000       -0.1072601891        0.6932037987
 85.5000       -0.1001468586        0.6955544163
 86.0000       -0.0930061085        0.6978986377
 86.5000       -0.0858381265        0.7002364124
 87.0000       -0.0786431072        0.7025676905
 87.5000       -0.0714212521        0.7048924227
 88.0000       -0.0641727698        0.7072105601
 88.5000       -0.0568978763        0.7095220547
 89.0000       -0.0495967950        0.7118268592
 89.5000       -0.0422697566        0.7141249275
 90.0000       -0.0349170001        0.7164162146
 90.5000       -0.0275387719        0.7187006767
 91.0000       -0.0201353268        0.7209782717
 91.5000       -0.0127069275        0.7232489589
 92.0000       -0.0052538452        0.7255126995
 92.5000        0.0022236407        0.7277694569
 93.0000        0.0097252420        0.7300191963
 93.5000        0.0172506621        0.7322618855
 94.0000        0.0247995954        0.7344974950
 94.5000        0.0323717279        0.7367259976
 95.0000        0.0399667362        0.7389473695
 95.5000        0.0475842883        0.7411615899
 96.0000        0.0552240431        0.7433686412
 96.5000        0.0628856503        0.7455685097
 97.0000        0.0705687506        0.7477611851
 97.5000        0.0782729756        0.7499466614
 98.0000        0.0859979477        0.7521249366
 98.5000        0.0937432802        0.7542960131
 99.0000        0.1015085775        0.7564598980
 99.5000        0.1092934346        0.7586166030
100.0000        0.1170974378        0.7607661450
100.5000        0.1249201645        0.7629085460
101.0000        0.1327611832        0.7650438333
101.5000        0.1406200537        0.7671720398
102.0000        0.1484963276        0.7692932042
102.5000        0.1563895478        0.7714073708
103.0000        0.1642992493        0.7735145903
103.5000        0.1722249592        0.7756149193
104.0000        0.1801661970        0.7777084208
104.5000        0.1881224748        0.7797951642
105.0000        0.1960932978        0.7818752254
105.5000        0.2040781645        0.7839486868
106.0000        0.2120765673        0.7860156375
106.5000        0.2200879927        0.7880761734
107.0000        0.2281119220        0.7901303970
107.5000        0.2361478316        0.7921784174
108.0000        0.2441951937        0.7942203505
108.5000        0.2522534769        0.7962563186
109.0000        0.2603221466        0.7982864509
109.5000        0.2684006661        0.8003108826
110.0000        0.2766878147        0.8023795271
110.5000        0.2857849988        0.8046450406
111.0000        0.2948974644        0.8069105042
111.5000        0.3040252114        0.8091759174
112.0000        0.3131682393        0.8114412789
112.5000        0.3223265477        0.8137065863
113.0000        0.3315001354        0.8159718359
113.5000        0.3406890008        0.8182370222
114.0000        0.3498931419        0.8205021379
114.5000        0.3591125559        0.8227671730
115.0000        0.3683472390        0.8250321151
115.5000        0.3775971866        0.8272969488
116.0000        0.3868623930        0.8295616555
116.5000        0.3961428512        0.8318262133
117.0000        0.4054385529        0.8340905963
117.5000        0.4147494879        0.8363547748
118.0000        0.4240756444        0.8386187151
118.5000        0.4334170084        0.8408823789
119.0000        0.4427735636        0.8431457235
119.5000        0.4521452908        0.8454087016
120.0000        0.4615321679        0.8476712612
120.5000        0.4709341693        0.8499333454
121.0000        0.4803512655        0.8521948927
121.5000        0.4897834225        0.8544558366
122.0000        0.4992332247        0.8567167257
122.5000        0.5087219836        0.8589817536
123.0000        0.5182262498        0.8612447491
123.5000        0.5277458238        0.8635057056
124.0000        0.5372804921        0.8657646181
124.5000        0.5468300265        0.8680214832
125.0000        0.5563941849        0.8702762996
125.5000        0.5659727105        0.8725290679
126.0000        0.5755653322        0.8747797910
126.5000        0.5851717645        0.8770284743
127.0000        0.5947917077        0.8792751258
127.5000        0.6044248478        0.8815197563
128.0000        0.6140708566        0.8837623798
128.5000        0.6237293921        0.8860030133
129.0000        0.6334000984        0.8882416778
129.5000        0.6430826060        0.8904783976
130.0000        0.6527765323        0.8927132014
130.5000        0.6624814816        0.8949461220
131.0000        0.6721970455        0.8971771969
131.5000        0.6819228034        0.8994064682
132.0000        0.6916583231        0.9016339834
132.5000        0.7014031609        0.9038597952
133.0000        0.7111568626        0.9060839619
133.5000        0.7209189640        0.9083065476
134.0000        0.7306889917        0.9105276226
134.5000        0.7404664638        0.9127472634
135.0000        0.7502508908        0.9149655529
135.5000        0.7600417769        0.9171825807
136.0000        0.7698386210        0.9193984429
136.5000        0.7796409175        0.9216132421
137.0000        0.7894481584        0.9238270878
137.5000        0.7992598341        0.9260400958
138.0000        0.8090754356        0.9282523881
138.5000        0.8188944554        0.9304640927
139.0000        0.8287163904        0.9326753432
139.5000        0.8385407430        0.9348862781
140.0000        0.8483670237        0.9370970403
140.5000        0.8581947532        0.9393077760
141.0000        0.8680234648        0.9415186343
141.5000        0.8778527068        0.9437297657
142.0000        0.8876820455        0.9459413209
142.5000        0.8973659759        0.9481205198
143.0000        0.9068317404        0.9502485960
143.5000        0.9162969894        0.9523739051
144.0000        0.9257617395        0.9544964226
144.5000        0.9352260065        0.9566161237
145.0000        0.9446898051        0.9587329839
145.5000        0.9541531482        0.9608469787
146.0000        0.9636160463        0.9629580846
146.5000        0.9730785073        0.9650662788
147.0000        0.9825405356        0.9671715401
147.5000        0.9920021319        0.9692738492
148.0000        1.0014632927        0.9713731885
148.5000        1.0109240095        0.9734695435
149.0000        1.0203842689        0.9755629023
149.5000        1.0298440517        0.9776532563
150.0000        1.0393033329        0.9797406007
150.5000        1.0487620815        0.9818249347
151.0000        1.0582202597        0.9839062618
151.5000        1.0676778236        0.9859845901
152.0000        1.0771347222        0.9880599327
152.5000        1.0865908983        0.9901323073
153.0000        1.0960462879        0.9922017373
153.5000        1.1055008209        0.9942682509
154.0000        1.1149544209        0.9963318816
154.5000        1.1244070061        0.9983926680
155.0000        1.1338584893        1.0004506534
155.5000        1.1433087789        1.0025058861
156.0000        1.1527577793        1.0045584183
156.5000        1.1622053920        1.0066083061
157.0000        1.1716515161        1.0086556089
157.5000        1.1810960492        1.0107003887
158.0000        1.1905388890        1.0127427096
158.5000        1.1999799337        1.0147826367
159.0000        1.2094190834        1.0168202355
159.5000        1.2188562412        1.0188555712
160.0000        1.2282868680        1.0208877144
160.5000        1.2377089310        1.0229159570
161.0000        1.2471292020        1.0249416811
161.5000        1.2565476811        1.0269648851
162.0000        1.2659643665        1.0289855693
162.5000        1.2753792548        1.0310037359
163.0000        1.2847923402        1.0330193899
163.5000        1.2942036145        1.0350325385
164.0000        1.3036130664        1.0370431925
164.5000        1.3130206817        1.0390513652
165.0000        1.3224264430        1.0410570738
165.5000        1.3318303292        1.0430603387
166.0000        1.3412323160        1.0450611839
166.5000        1.3506323757        1.0470596370
167.0000        1.3600304769        1.0490557292
167.5000        1.3694265854        1.0510494949
168.0000        1.3788206636        1.0530409720
168.5000        1.3882126714        1.0550302012
169.0000        1.3976025663        1.0570172260
169.5000        1.4069903038        1.0590020920
170.0000        1.4163758379        1.0609848469
170.5000        1.4257591218        1.0629655396
171.0000        1.4351401080        1.0649442201
171.5000        1.4445187495        1.0669209385
172.0000        1.4538949998        1.0688957449
172.5000        1.4632688139        1.0708686882
173.0000        1.4726401484        1.0728398164
173.5000        1.4820089627        1.0748091753
174.0000        1.4913752190        1.0767768082
174.5000        1.5007388827        1.0787427559
175.0000        1.5100999233        1.0807070555
175.5000        1.5194583140        1.0826697407
176.0000        1.5288140323        1.0846308414
176.5000        1.5381670603        1.0865903833
177.0000        1.5475173841        1.0885483881
177.5000        1.5568649944        1.0905048736
178.0000        1.5662098858        1.0924598536
178.5000        1.5755520566        1.0944133383
179.0000        1.5848915086        1.0963653346
179.5000        1.5942282466        1.0983158464
180.0000        1.6035622776        1.1002648754
180.5000        1.6128936104        1.1022124213
181.0000        1.6222222551        1.1041584827
181.5000        1.6315482219        1.1061030576
182.0000        1.6408715212        1.1080461442
182.5000        1.6501921620        1.1099877413
183.0000        1.6595100879        1.1119278363
183.5000        1.6688247352        1.1138663833
184.0000        1.6781366349        1.1158035518
184.5000        1.6874457815        1.1177393542
185.0000        1.6967521693        1.1196738030
185.5000        1.7060557921        1.1216069112
186.0000        1.7153566430        1.1235386917
186.5000        1.7246547147        1.1254691581
187.0000        1.7339499987        1.1273983245
187.5000        1.7432424860        1.1293262058
188.0000        1.7525321665        1.1312528172
188.5000        1.7618190293        1.1331781749
189.0000        1.7711030628        1.1351022954
189.5000        1.7803842545        1.1370251960
190.0000        1.7896625916        1.1389468939
190.5000        1.7989380606        1.1408674068
191.0000        1.8082106481        1.1427867524
191.5000        1.8174803405        1.1447049480
192.0000        1.8267471246        1.1466220104
192.5000        1.8360109875        1.1485379556
193.0000        1.8452719172        1.1504527989
193.5000        1.8545299026        1.1523665539
194.0000        1.8637849337        1.1542792330
194.5000        1.8730370017        1.1561908468
195.0000        1.8822860996        1.1581014042
195.5000        1.8915322215        1.1600109119
196.0000        1.9007753634        1.1619193749
196.5000        1.9100155227        1.1638267958
197.0000        1.9192526983        1.1657331757
197.5000        1.9284868906        1.1676385137
198.0000        1.9377181009        1.1695428074
198.5000        1.9469463318        1.1714460529
199.0000        1.9561715864        1.1733482458
199.5000        1.9653938680        1.1752493807
200.0000        1.9746131801        1.1771494522
200.5000        1.9838295262        1.1790484552
201.0000        1.9930429087        1.1809463850
201.5000        2.0022533294        1.1828432382
202.0000        2.0114607890        1.1847390127
202.5000        2.0206652868        1.1866337081
203.0000        2.0298668206        1.1885273259
203.5000        2.0390653866        1.1904198695
204.0000        2.0482609796        1.1923113445
204.5000        2.0574535929        1.1942017583
205.0000        2.0666432186        1.1960911203
205.5000        2.0758298477        1.1979794409
206.0000        2.0850134706        1.1998667322
206.5000        2.0941940773        1.2017530063
207.0000        2.1033716577        1.2036382758
207.5000        2.1125462025        1.2055225529
208.0000        2.1217177027        1.2074058489
208.5000        2.1308861509        1.2092881736
209.0000        2.1400515407        1.2111695352
209.5000        2.1492138675        1.2130499399
210.0000        2.1583731285        1.2149293918
210.5000        2.1675293225        1.2168078925
211.0000        2.1766824499        1.2186854418
211.5000        2.1858325126        1.2205620374
212.0000        2.1949795135        1.2224376760
212.5000        2.2041234565        1.2243123529
213.0000        2.2132643455        1.2261860635
213.5000        2.2224021846        1.2280588033
214.0000        2.2315369771        1.2299305689
214.5000        2.2406687252        1.2318013584
215.0000        2.2497974299        1.2336711724
215.5000        2.2589230903        1.2355400138
216.0000        2.2680457039        1.2374078886
216.5000        2.2771652659        1.2392748056
217.0000        2.2862817699        1.2411407767
217.5000        2.2953952077        1.2430058165
218.0000        2.3045055697        1.2448699414
218.5000        2.3136128455        1.2467331698
219.0000        2.3227168335        1.2485954788
219.5000        2.3318177006        1.2504569101
220.0000        2.3409154659        1.2523174746
220.5000        2.3500101269        1.2541771793
221.0000        2.3591016807        1.2560360318
221.5000        2.3681901240        1.2578940408
222.0000        2.3772754530        1.2597512155
222.5000        2.3863576633        1.2616075664
223.0000        2.3954367500        1.2634631045
223.5000        2.4045127079        1.2653178415
224.0000        2.4135855317        1.2671717898
224.5000        2.4226552156        1.2690249619
225.0000        2.4317217540        1.2708773705
225.5000        2.4407851414        1.2727290280
226.0000        2.4498453726        1.2745799468
226.5000        2.4589024427        1.2764301383
227.0000        2.4679563474        1.2782796134
227.5000        2.4770070827        1.2801283824
228.0000        2.4860546452        1.2819764546
228.5000        2.4950990323        1.2838238385
229.0000        2.5041402414        1.2856705420
229.5000        2.5131782705        1.2875165726
230.0000        2.5222131177        1.2893619373
230.5000        2.5312447812        1.2912066432
231.0000        2.5402732590        1.2930506973
231.5000        2.5492985492        1.2948941070
232.0000        2.5583206493        1.2967368804
232.5000        2.5673395564        1.2985790257
233.0000        2.5763552673        1.3004205523
233.5000        2.5853677783        1.3022614699
234.0000        2.5943770855        1.3041017887
234.5000        2.6033831844        1.3059415196
235.0000        2.6123860705        1.3077806735
235.5000        2.6213857394        1.3096192611
236.0000        2.6303821866        1.3114572932
236.5000        2.6393754080        1.3132947797
237.0000        2.6483653999        1.3151317301
237.5000        2.6573521590        1.3169681529
238.0000        2.6663356826        1.3188040555
238.5000        2.6753159685        1.3206394443
239.0000        2.6842930152        1.3224743251
239.5000        2.6932668214        1.3243087025
240.0000        2.7022373863        1.3261425807
240.5000        2.7112047092        1.3279759635
241.0000        2.7201687894        1.3298088545
241.5000        2.7291296261        1.3316412574
242.0000        2.7380872184        1.3334731765
242.5000        2.7470415648        1.3353046164
243.0000        2.7559926634        1.3371355823
243.5000        2.7649405122        1.3389660801
244.0000        2.7738851084        1.3407961163
244.5000        2.7828264491        1.3426256978
245.0000        2.7917645312        1.3444548316
245.5000        2.8006993516        1.3462835250
246.0000        2.8096308977        1.3481117819
246.5000        2.8185591697        1.3499396035
247.0000        2.8274841769        1.3517669943
247.5000        2.8364059184        1.3535939576
248.0000        2.8453243928        1.3554204968
248.5000        2.8542395992        1.3572466152
249.0000        2.8631515359        1.3590723167
249.5000        2.8720602015        1.3608976052
250.0000        2.8809655944        1.3627224846
250.5000        2.8898677127        1.3645469593
251.0000        2.8987665548        1.3663710332
251.5000        2.9076621190        1.3681947103
252.0000        2.9165544037        1.3700179944
252.5000        2.9254434076        1.3718408889
253.0000        2.9343291295        1.3736633968
253.5000        2.9432115684        1.3754855206
254.0000        2.9520907236        1.3773072626
254.5000        2.9609665945        1.3791286247
255.0000        2.9698391807        1.3809496085
255.5000        2.9787084817        1.3827702156
256.0000        2.9875744971        1.3845904475
256.5000        2.9964372265        1.3864103059
257.0000        3.0052966692        1.3882297928
257.5000        3.0141528244        1.3900489105
258.0000        3.0230056910        1.3918676615
258.5000        3.0318552680        1.3936860489
259.0000        3.0407015540        1.3955040760
259.5000        3.0495445475        1.3973217460
260.0000        3.0583842472        1.3991390625
260.5000        3.0672206517        1.4009560289
261.0000        3.0760537598        1.4027726481
261.5000        3.0848835703        1.4045889232
262.0000        3.0937100824        1.4064048566
262.5000        3.1025332954        1.4082204503
263.0000        3.1113532089        1.4100357061
263.5000        3.1201698225        1.4118506257
264.0000        3.1289831359        1.4136652106
264.5000        3.1377931488        1.4154794623
265.0000        3.1465998607        1.4172933826
265.5000        3.1554032710        1.4191069736
266.0000        3.1642033790        1.4209202378
266.5000        3.1730001837        1.4227331781
267.0000        3.1817936838        1.4245457978
267.5000        3.1905838782        1.4263581005
268.0000        3.1993707653        1.4281700899
268.5000        3.2081543437        1.4299817697
269.0000        3.2169346124        1.4317931434
269.5000        3.2257115699        1.4336042145
270.0000        3.2344852156        1.4354149857
270.5000        3.2432555485        1.4372254596
271.0000        3.2520225683        1.4390356383
271.5000        3.2607862744        1.4408455238
272.0000        3.2695466667        1.4426551177
272.5000        3.2783037447        1.4444644220
273.0000        3.2870575081        1.4462734384
273.5000        3.2958079563        1.4480821694
274.0000        3.3045550886        1.4498906175
274.5000        3.3132989040        1.4516987858
275.0000        3.3220394014        1.4535066776
275.5000        3.3307765795        1.4553142967
276.0000        3.3395104371        1.4571216467
276.5000        3.3482409728        1.4589287312
277.0000        3.3569681855        1.4607355537
277.5000        3.3656920743        1.4625421171
278.0000        3.3744126384        1.4643484241
278.5000        3.3831298774        1.4661544767
279.0000        3.3918437908        1.4679602767
279.5000        3.4005543784        1.4697658257
280.0000        3.4092616401        1.4715711250
280.5000        3.4179326161        1.4733693110
281.0000        3.4265673479        1.4751602147
281.5000        3.4351988084        1.4769506457
282.0000        3.4438269971        1.4787406059
282.5000        3.4524519134        1.4805300972
283.0000        3.4610735565        1.4823191220
283.5000        3.4696919256        1.4841076831
284.0000        3.4783070195        1.4858957834
284.5000        3.4869188373        1.4876834259
285.0000        3.4955273777        1.4894706139
285.5000        3.5041326399        1.4912573501
286.0000        3.5127346229        1.4930436373
286.5000        3.5213333260        1.4948294779
287.0000        3.5299287487        1.4966148737
287.5000        3.5385208905        1.4983998266
288.0000        3.5471097511        1.5001843381
288.5000        3.5556953302        1.5019684097
289.0000        3.5642776275        1.5037520429
289.5000        3.5728566424        1.5055352394
290.0000        3.5814323744        1.5073180014
290.5000        3.5900048228        1.5091003309
291.0000        3.5985739867        1.5108822306
291.5000        3.6071398651        1.5126637031
292.0000        3.6157024571        1.5144447509
292.5000        3.6242617619        1.5162253765
293.0000        3.6328177786        1.5180055820
293.5000        3.6413705067        1.5197853692
294.0000        3.6499199458        1.5215647394
294.5000        3.6584660957        1.5233436936
295.0000        3.6670089562        1.5251222323
295.5000        3.6755485272        1.5269003563
296.0000        3.6840848087        1.5286780658
296.5000        3.6926178004        1.5304553617
297.0000        3.7011475022        1.5322322448
297.5000        3.7096739134        1.5340087162
298.0000        3.7181970336        1.5357847773
298.5000        3.7267168620        1.5375604296
299.0000        3.7352333981        1.5393356745
299.5000        3.7437466412        1.5411105133
300.0000        3.7522565908        1.5428849470
