       t                  x1                  x2
  0.0000       -0.9885004265        0.1915965615
  0.5000       -0.9866585422        0.1943414209
  1.0000       -0.9847827845        0.1970862672
  1.5000       -0.9828731588        0.1998310668
  2.0000       -0.9809296737        0.2025757649
  2.5000       -0.9789523413        0.2053202865
  3.0000       -0.9769411767        0.2080645390
  3.5000       -0.9748961980        0.2108084148
  4.0000       -0.9728174256        0.2135517944
  4.5000       -0.9707048815        0.2162945499
  5.0000       -0.9685585894        0.2190365485
  5.5000       -0.9663785734        0.2217776568
  6.0000       -0.9641648579        0.2245177435
  6.5000       -0.9619174667        0.2272566841
  7.0000       -0.9596364224        0.2299943630
  7.5000       -0.9573217459        0.2327306769
  8.0000       -0.9549734561        0.2354655372
  8.5000       -0.9525915689        0.2381988712
  9.0000       -0.9501760977        0.2409306238
  9.5000       -0.9477270523        0.2436607578
 10.0000       -0.9452552500        0.2463774517
 10.5000       -0.9427524034        0.2490901178
 11.0000       -0.9402157898        0.2518017692
 11.5000       -0.9376454093        0.2545124049
 12.0000       -0.9350412624        0.2572220229
 12.5000       -0.9324033498        0.2599306201
 13.0000       -0.9297316724        0.2626381917
 13.5000       -0.9270262317        0.2653447312
 14.0000       -0.9242870295        0.2680502304
 14.5000       -0.9215140682        0.2707546788
 15.0000       -0.9187073507        0.2734580641
 15.5000       -0.9158668803        0.2761603719
 16.0000       -0.9129926609        0.2788615857
 16.5000       -0.9100846969        0.2815616873
 17.0000       -0.9071429932        0.2842606567
 17.5000       -0.9041675552        0.2869584725
 18.0000       -0.9011583886        0.2896551119
 18.5000       -0.8981154997        0.2923505510
 19.0000       -0.8950388949        0.2950447655
 19.5000       -0.8919285808        0.2977377302
 20.0000       -0.8887845645        0.3004294199
 20.5000       -0.8856068530        0.3031198095
 21.0000       -0.8823954534        0.3058088740
 21.5000       -0.8791503728        0.3084965891
 22.0000       -0.8758716183        0.3111829310
 22.5000       -0.8725591969        0.3138678769
 23.0000       -0.8692131155        0.3165514050
 23.5000       -0.8658333806        0.3192334942
 24.0000       -0.8624199988        0.3219141249
 24.5000       -0.8589729763        0.3245932784
 25.0000       -0.8554923191        0.3272709369
 25.5000       -0.8519780330        0.3299470840
 26.0000       -0.8484301235        0.3326217038
 26.5000       -0.8448485961        0.3352947813
 27.0000       -0.8412334558        0.3379663023
 27.5000       -0.8375847076        0.3406362530
 28.0000       -0.8339023565        0.3433046200
 28.5000       -0.8301864072        0.3459713901
 29.0000       -0.8264368644        0.3486365504
 29.5000       -0.8226537327        0.3513000877
 30.0000       -0.8188370169        0.3539619888
 30.5000       -0.8149867216        0.3566222401
 31.0000       -0.8111028517        0.3592808279
 31.5000       -0.8071854121        0.3619377379
 32.0000       -0.8032344076        0.3645929554
 32.5000       -0.7992498435        0.3672464653
 33.0000       -0.7952317251        0.3698982520
 33.5000       -0.7911800578        0.3725482993
 34.0000       -0.7870948472        0.3751965907
 34.5000       -0.7829760992        0.3778431093
 35.0000       -0.7788238197        0.3804878379
 35.5000       -0.7746380151        0.3831307587
 36.0000       -0.7704186915        0.3857718540
 36.5000       -0.7661658557        0.3884111057
 37.0000       -0.7618795143        0.3910484956
 37.5000       -0.7575596743        0.3936840055
 38.0000       -0.7532063429        0.3963176169
 38.5000       -0.7488195274        0.3989493114
 39.0000       -0.7443992354        0.4015790705
 39.5000       -0.7399454747        0.4042068758
 40.0000       -0.7354582533        0.4068327085
 40.5000       -0.7309375796        0.4094565500
 41.0000       -0.7263834622        0.4120783813
 41.5000       -0.7217959101        0.4146981834
 42.0000       -0.7171749324        0.4173159369
 42.5000       -0.7125205389        0.4199316220
 43.0000       -0.7078327398        0.4225452187
 43.5000       -0.7031115455        0.4251567062
 44.0000       -0.6983569670        0.4277660632
 44.5000       -0.6935690160        0.4303732678
 45.0000       -0.6887477045        0.4329782973
 45.5000       -0.6838930452        0.4355811282
 46.0000       -0.6790050513        0.4381817360
 46.5000       -0.6740837369        0.4407800955
 47.0000       -0.6691291164        0.4433761803
 47.5000       -0.6641412050        0.4459699634
 48.0000       -0.6591200186        0.4485614164
 48.5000       -0.6540655736        0.4511505103
 49.0000       -0.6489778871        0.4537372150
 49.5000       -0.6438569768        0.4563214996
 50.0000       -0.6387028611        0.4589033322
 50.5000       -0.6335155589        0.4614826805
 51.0000       -0.6282950896        0.4640595111
 51.5000       -0.6230414731        0.4666337904
 52.0000       -0.6177547299        0.4692054841
 52.5000       -0.6124348808        0.4717745576
 53.0000       -0.6070819471        0.4743409759
 53.5000       -0.6016959501        0.4769047039
 54.0000       -0.5962769119        0.4794657066
 54.5000       -0.5908248545        0.4820239485
 55.0000       -0.5853398002        0.4845793948
 55.5000       -0.5798217716        0.4871320105
 56.0000       -0.5742707913        0.4896817609
 56.5000       -0.5686868821        0.4922286117
 57.0000       -0.5630700669        0.4947725289
 57.5000       -0.5574203688        0.4973134788
 58.0000       -0.5517378108        0.4998514284
 58.5000       -0.5460224161        0.5023863447
 59.0000       -0.5402742081        0.5049181954
 59.5000       -0.5344932102        0.5074469484
 60.0000       -0.5286794460        0.5099725720
 60.5000       -0.5228329394        0.5124950350
 61.0000       -0.5169537144        0.5150143060
 61.5000       -0.5110417954        0.5175303541
 62.0000       -0.5050972070        0.5200431484
 62.5000       -0.4991199744        0.5225526582
 63.0000       -0.4931101232        0.5250588523
 63.5000       -0.4870676795        0.5275616998
 64.0000       -0.4809926700        0.5300611693
 64.5000       -0.4748851222        0.5325572292
 65.0000       -0.4687450645        0.5350498473
 65.5000       -0.4625725260        0.5375389910
 66.0000       -0.4563675367        0.5400246271
 66.5000       -0.4501301278        0.5425067217
 67.0000       -0.4438603317        0.5449852402
 67.5000       -0.4375581817        0.5474601472
 68.0000       -0.4312237128        0.5499314062
 68.5000       -0.4248588980        0.5523982060
 69.0000       -0.4184632397        0.5548606316
 69.5000       -0.4120354796        0.5573191598
 70.0000       -0.4055756186        0.5597737897
 70.5000       -0.3990836586        0.5622245193
 71.0000       -0.3925596028        0.5646713448
 71.5000       -0.3860034560        0.5671142610
 72.0000       -0.3794152254        0.5695532602
 72.5000       -0.3727949204        0.5719883325
 73.0000       -0.3661425530        0.5744194652
 73.5000       -0.3594581385        0.5768466426
 74.0000       -0.3527416955        0.5792698463
 74.5000       -0.3459932462        0.5816890542
 75.0000       -0.3392128166        0.5841042414
 75.5000       -0.3324004369        0.5865153792
 76.0000       -0.3255561415        0.5889224359
 76.5000       -0.3186799693        0.5913253763
 77.0000       -0.3117719639        0.5937241619
 77.5000       -0.3048321735        0.5961187509
 78.0000       -0.2978606514        0.5985090985
 78.5000       -0.2908574557        0.6008951568
 79.0000       -0.2838226498        0.6032768753
 79.5000       -0.2767563019        0.6056542005
 80.0000       -0.2696584856        0.6080270767
 80.5000       -0.2625292795        0.6103954458
 81.0000       -0.2553687678        0.6127592475
 81.5000       -0.2481770395        0.6151184199
 82.0000       -0.2409541891        0.6174728993
 82.5000       -0.2337003164        0.6198226206
 83.0000       -0.2264155261        0.6221675174
 83.5000       -0.2190999286        0.6245075225
 84.0000       -0.2117536393        0.6268425677
 84.5000       -0.2043767788        0.6291725844
 85.0000       -0.1969694731        0.6314975034
 85.5000       -0.1895318534        0.6338172557
 86.0000       -0.1820640562        0.6361317718
 86.5000       -0.1745662233        0.6384409827
 87.0000       -0.1670385018        0.6407448195
 87.5000       -0.1594810443        0.6430432141
 88.0000       -0.1518940088        0.6453360985
 88.5000       -0.1442775589        0.6476234060
 89.0000       -0.1366318635        0.6499050703
 89.5000       -0.1289570976        0.6521810264
 90.0000       -0.1212534417        0.6544512102
 90.5000       -0.1135210823        0.6567155590
 91.0000       -0.1057602120        0.6589740111
 91.5000       -0.0979710295        0.6612265066
 92.0000       -0.0901537399        0.6634729867
 92.5000       -0.0823085546        0.6657133944
 93.0000       -0.0744356919        0.6679476743
 93.5000       -0.0665353767        0.6701757728
 94.0000       -0.0586078410        0.6723976380
 94.5000       -0.0506533241        0.6746132202
 95.0000       -0.0426720726        0.6768224715
 95.5000       -0.0346643407        0.6790253464
 96.0000       -0.0266303903        0.6812218012
 96.5000       -0.0185704916        0.6834117952
 97.0000       -0.0104849227        0.6855952896
 97.5000       -0.0023739703        0.6877722487
 98.0000        0.0057620704        0.6899426392
 98.5000        0.0139228952        0.6921064308
 99.0000        0.0221081910        0.6942635964
 99.5000        0.0303176356        0.6964141119
100.0000        0.0385508972        0.6985579568
100.5000        0.0468076347        0.7006951141
101.0000        0.0550874971        0.7028255703
101.5000        0.0633901236        0.7049493162
102.0000        0.0717151435        0.7070663467
102.5000        0.0800621760        0.7091766607
103.0000        0.0884308301        0.7112802622
103.5000        0.0968207046        0.7133771595
104.0000        0.1052313879        0.7154673662
104.5000        0.1136624583        0.7175509011
105.0000        0.1221134835        0.7196277883
105.5000        0.1305840213        0.7216980577
106.0000        0.1390736189        0.7237617451
106.5000        0.1475818136        0.7258188924
107.0000        0.1561081327        0.7278695478
107.5000        0.1646520936        0.7299137659
108.0000        0.1732132040        0.7319516084
108.5000        0.1817909624        0.7339831435
109.0000        0.1903848581        0.7360084467
109.5000        0.1989943715        0.7380276007
110.0000        0.2076189749        0.7400406954
110.5000        0.2162581322        0.7420478284
111.0000        0.2249113001        0.7440491047
111.5000        0.2335779281        0.7460446369
112.0000        0.2422574593        0.7480345454
112.5000        0.2509493311        0.7500189582
113.0000        0.2596529755        0.7519980106
113.5000        0.2683678203        0.7539718458
114.0000        0.2770932896        0.7559406144
114.5000        0.2858288045        0.7579044739
115.0000        0.2945737843        0.7598635893
115.5000        0.3033276473        0.7618181321
116.0000        0.3120898119        0.7637682804
116.5000        0.3208596972        0.7657142185
117.0000        0.3296367249        0.7676561364
117.5000        0.3384203195        0.7695942295
118.0000        0.3472099103        0.7715286978
118.5000        0.3560049320        0.7734597458
119.0000        0.3648048263        0.7753875814
119.5000        0.3736090432        0.7773124154
120.0000        0.3824170420        0.7792344610
120.5000        0.3912282932        0.7811539326
121.0000        0.4000422790        0.7830710455
121.5000        0.4088584956        0.7849860143
122.0000        0.4176764537        0.7868990528
122.5000        0.4264956806        0.7888103724
123.0000        0.4353157208        0.7907201812
123.5000        0.4441361379        0.7926286835
124.0000        0.4529565154        0.7945360780
124.5000        0.4617764582        0.7964425572
125.0000        0.4705955936        0.7983483063
125.5000        0.4794135723        0.8002535019
126.0000        0.4882300696        0.8021583113
126.5000        0.4970447860        0.8040628910
127.0000        0.5058574482        0.8059673861
127.5000        0.5146678098        0.8078719291
128.0000        0.5234446953        0.8097699246
128.5000        0.5319411440        0.8116058294
129.0000        0.5404364064        0.8134385392
129.5000        0.5489304576        0.8152680763
130.0000        0.5574232757        0.8170944611
130.5000        0.5659148408        0.8189177127
131.0000        0.5744051357        0.8207378486
131.5000        0.5828941445        0.8225548848
132.0000        0.5913818530        0.8243688363
132.5000        0.5998682483        0.8261797171
133.0000        0.6083533184        0.8279875403
133.5000        0.6168370518        0.8297923182
134.0000        0.6253194373        0.8315940630
134.5000        0.6338004640        0.8333927863
135.0000        0.6422801204        0.8351884998
135.5000        0.6507583947        0.8369812153
136.0000        0.6592352744        0.8387709449
136.5000        0.6677107458        0.8405577013
137.0000        0.6761847941        0.8423414980
137.5000        0.6846574031        0.8441223493
138.0000        0.6931285549        0.8459002706
138.5000        0.7015982300        0.8476752787
139.0000        0.7100664071        0.8494473915
139.5000        0.7185330626        0.8512166289
140.0000        0.7269981713        0.8529830121
140.5000        0.7354617056        0.8547465642
141.0000        0.7439236362        0.8565073100
141.5000        0.7523839313        0.8582652762
142.0000        0.7608425576        0.8600204916
142.5000        0.7692994796        0.8617729865
143.0000        0.7777546602        0.8635227933
143.5000        0.7862080606        0.8652699460
144.0000        0.7946596406        0.8670144805
144.5000        0.8031093588        0.8687564339
145.0000        0.8115571728        0.8704958452
145.5000        0.8200030395        0.8722327541
146.0000        0.8284469152        0.8739672019
146.5000        0.8368887561        0.8756992302
147.0000        0.8453285185        0.8774288817
147.5000        0.8537661590        0.8791561991
148.0000        0.8622016350        0.8808812256
148.5000        0.8706349048        0.8826040039
149.0000        0.8790659278        0.8843245767
149.5000        0.8874946652        0.8860429859
150.0000        0.8959210796        0.8877592725
150.5000        0.9043451357        0.8894734766
151.0000        0.9127668004        0.8911856371
151.5000        0.9211860428        0.8928957912
152.0000        0.9296028343        0.8946039747
152.5000        0.9380171489        0.8963102219
153.0000        0.9464289629        0.8980145652
153.5000        0.9548382553        0.8997170352
154.0000        0.9632450073        0.9014176608
154.5000        0.9716492023        0.9031164693
155.0000        0.9800508260        0.9048134863
155.5000        0.9884498660        0.9065087361
156.0000        0.9968463115        0.9082022417
156.5000        1.0052401531        0.9098940251
157.0000        1.0136313824        0.9115841074
157.5000        1.0220199921        0.9132725094
158.0000        1.0304059750        0.9149592517
158.5000        1.0387893242        0.9166443549
159.0000        1.0471700324        0.9183278403
159.5000        1.0555480919        0.9200097299
160.0000        1.0639234938        0.9216900466
160.5000        1.0722962282        0.9233688150
161.0000        1.0806662838        0.9250460612
161.5000        1.0890336475        0.9267218130
162.0000        1.0973983043        0.9283961004
162.5000        1.1057602374        0.9300689554
163.0000        1.1141194279        0.9317404120
163.5000        1.1224758551        0.9334105065
164.0000        1.1308294962        0.9350792770
164.5000        1.1391803269        0.9367467634
165.0000        1.1475283212        0.9384130071
165.5000        1.1558734519        0.9400780508
166.0000        1.1642156911        0.9417419377
166.5000        1.1725550101        0.9434047116
167.0000        1.1808913803        0.9450664158
167.5000        1.1892247735        0.9467270931
168.0000        1.1975551620        0.9483867848
168.5000        1.2058825198        0.9500455304
169.0000        1.2142068223        0.9517033671
169.5000        1.2225280472        0.9533603286
170.0000        1.2308461747        0.9550164458
170.5000        1.2391611878        0.9566717450
171.0000        1.2474730726        0.9583262488
171.5000        1.2557818186        0.9599799750
172.0000        1.2640874186        0.9616329367
172.5000        1.2723898688        0.9632851426
173.0000        1.2806891688        0.9649365963
173.5000        1.2889853212        0.9665872974
174.0000        1.2972783316        0.9682372412
174.5000        1.3055682079        0.9698864196
175.0000        1.3138549603        0.9715348210
175.5000        1.3221386004        0.9731824318
176.0000        1.3304191409        0.9748292363
176.5000        1.3386965949        0.9764752180
177.0000        1.3469709753        0.9781203601
177.5000        1.3552422946        0.9797646463
178.0000        1.3635105636        0.9814080619
178.5000        1.3717757917        0.9830505938
179.0000        1.3800379861        0.9846922318
179.5000        1.3882971513        0.9863329686
180.0000        1.3965532892        0.9879728005
180.5000        1.4048063988        0.9896117275
181.0000        1.4130564764        0.9912497530
181.5000        1.4213035154        0.9928868845
182.0000        1.4295475067        0.9945231325
182.5000        1.4377884391        0.9961585106
183.0000        1.4460262998        0.9977930346
183.5000        1.4542610746        0.9994267220
184.0000        1.4624927491        1.0010595914
184.5000        1.4707213085        1.0026916611
185.0000        1.4789467389        1.0043229488
185.5000        1.4871690278        1.0059534706
186.0000        1.4953881644        1.0075832402
186.5000        1.5036041402        1.0092122678
187.0000        1.5118169496        1.0108405606
187.5000        1.5200265899        1.0124681212
188.0000        1.5282330614        1.0140949483
188.5000        1.5364363677        1.0157210362
189.0000        1.5446365154        1.0173463754
189.5000        1.5528335135        1.0189709528
190.0000        1.5610273733        1.0205947524
190.5000        1.5692181078        1.0222177561
191.0000        1.5774057309        1.0238399446
191.5000        1.5855902566        1.0254612989
192.0000        1.5937716986        1.0270818007
192.5000        1.6019500691        1.0287014341
193.0000        1.6101253785        1.0303201864
193.5000        1.6182976344        1.0319380489
194.0000        1.6264668415        1.0335550183
194.5000        1.6346330007        1.0351710965
195.0000        1.6427961093        1.0367862914
195.5000        1.6509561607        1.0384006170
196.0000        1.6591131448        1.0400140930
196.5000        1.6672670481        1.0416267444
197.0000        1.6754178543        1.0432386007
197.5000        1.6835655446        1.0448496953
198.0000        1.6917100991        1.0464600639
198.5000        1.6998514969        1.0480697434
199.0000        1.7079897174        1.0496787709
199.5000        1.7161247410        1.0512871819
200.0000        1.7242565497        1.0528950097
200.5000        1.7323846412        1.0545021794
201.0000        1.7405087986        1.0561085965
201.5000        1.7486297627        1.0577144052
202.0000        1.7567475283        1.0593196209
202.5000        1.7648620901        1.0609242595
203.0000        1.7729734423        1.0625283376
203.5000        1.7810815787        1.0641318723
204.0000        1.7891864929        1.0657348816
204.5000        1.7972881782        1.0673373839
205.0000        1.8053866278        1.0689393979
205.5000        1.8134818345        1.0705409427
206.0000        1.8215737912        1.0721420377
206.5000        1.8296624906        1.0737427019
207.0000        1.8377479256        1.0753429545
207.5000        1.8458300894        1.0769428141
208.0000        1.8539089753        1.0785422989
208.5000        1.8619845770        1.0801414262
209.0000        1.8700568885        1.0817402127
209.5000        1.8781259045        1.0833386742
210.0000        1.8861916199        1.0849368255
210.5000        1.8942540301        1.0865346805
211.0000        1.9023131310        1.0881322522
211.5000        1.9103689191        1.0897295525
212.0000        1.9184213908        1.0913265928
212.5000        1.9264705433        1.0929233835
213.0000        1.9345163736        1.0945199346
213.5000        1.9425588791        1.0961162555
214.0000        1.9505980573        1.0977123552
214.5000        1.9586339056        1.0993082424
215.0000        1.9666664215        1.1009039254
215.5000        1.9746956025        1.1024994123
216.0000        1.9827214460        1.1040947112
216.5000        1.9907439496        1.1056898294
217.0000        1.9987631108        1.1072847742
217.5000        2.0067789272        1.1088795523
218.0000        2.0147913966        1.1104741697
218.5000        2.0228005170        1.1120686317
219.0000        2.0308062868        1.1136629429
219.5000        2.0388087046        1.1152571068
220.0000        2.0468077696        1.1168511259
220.5000        2.0548034813        1.1184450016
221.0000        2.0627958395        1.1200387344
221.5000        2.0707848448        1.1216323234
222.0000        2.0787704978        1.1232257672
222.5000        2.0867527995        1.1248190631
223.0000        2.0947317514        1.1264122082
223.5000        2.1027073547        1.1280051986
224.0000        2.1106796111        1.1295980303
224.5000        2.1186485221        1.1311906993
225.0000        2.1266140891        1.1327832013
225.5000        2.1345763133        1.1343755322
226.0000        2.1425351959        1.1359676882
226.5000        2.1504907378        1.1375596656
227.0000        2.1584429398        1.1391514611
227.5000        2.1663918023        1.1407430714
228.0000        2.1743373259        1.1423344934
228.5000        2.1822795112        1.1439257240
229.0000        2.1902183587        1.1455167600
229.5000        2.1981538690        1.1471075978
230.0000        2.2060860430        1.1486982335
230.5000        2.2140148819        1.1502886629
231.0000        2.2219403870        1.1518788811
231.5000        2.2298625599        1.1534688830
232.0000        2.2377814025        1.1550586630
232.5000        2.2456969168        1.1566482154
233.0000        2.2536091048        1.1582375342
233.5000        2.2615179685        1.1598266139
234.0000        2.2694235098        1.1614154490
234.5000        2.2773257304        1.1630040348
235.0000        2.2852246315        1.1645923673
235.5000        2.2931202142        1.1661804432
236.0000        2.3010124789        1.1677682605
236.5000        2.3089014257        1.1693558179
237.0000        2.3167870404        1.1709431133
237.5000        2.3246693293        1.1725301501
238.0000        2.3325482984        1.1741169286
238.5000        2.3404239479        1.1757034481
239.0000        2.3482962777        1.1772897085
239.5000        2.3561652878        1.1788757101
240.0000        2.3640309777        1.1804614542
240.5000        2.3718933468        1.1820469424
241.0000        2.3797523943        1.1836321768
241.5000        2.3876081192        1.1852171602
242.0000        2.3954605205        1.1868018959
242.5000        2.4033095968        1.1883863875
243.0000        2.4111553470        1.1899706388
243.5000        2.4189977697        1.1915546541
244.0000        2.4268368635        1.1931384377
244.5000        2.4346726271        1.1947219940
245.0000        2.4425050593        1.1963053279
245.5000        2.4503341586        1.1978884439
246.0000        2.4581599239        1.1994713469
246.5000        2.4659823537        1.2010540419
247.0000        2.4738014469        1.2026365342
247.5000        2.4816172019        1.2042188290
248.0000        2.4894296173        1.2058009321
248.5000        2.4972386916        1.2073828492
249.0000        2.5050444231        1.2089645867
249.5000        2.5128468100        1.2105461510
250.0000        2.5206458505        1.2121275487
250.5000        2.5284415426        1.2137087865
251.0000        2.5362338844        1.2152898715
251.5000        2.5440228738        1.2168708105
252.0000        2.5518085091        1.2184516103
252.5000        2.5595907882        1.2200322776
253.0000        2.5673697095        1.2216128186
253.5000        2.5751452713        1.2231932396
254.0000        2.5829174720        1.2247735462
254.5000        2.5906863102        1.2263537438
255.0000        2.5984517848        1.2279338376
255.5000        2.6062138945        1.2295138323
256.0000        2.6139726382        1.2310937325
256.5000        2.6217280149        1.2326735424
257.0000        2.6294800235        1.2342532662
257.5000        2.6372286630        1.2358329079
258.0000        2.6449739326        1.2374124713
258.5000        2.6527158311        1.2389919600
259.0000        2.6604543578        1.2405713775
259.5000        2.6681895116        1.2421507269
260.0000        2.6759212918        1.2437300110
260.5000        2.6836496977        1.2453092323
261.0000        2.6913747288        1.2468883928
261.5000        2.6990963846        1.2484674940
262.0000        2.7068146648        1.2500465367
262.5000        2.7145295695        1.2516255216
263.0000        2.7222410986        1.2532044485
263.5000        2.7299492523        1.2547833171
264.0000        2.7376540309        1.2563621264
264.5000        2.7453554347        1.2579408753
265.0000        2.7530534642        1.2595195626
265.5000        2.7607481196        1.2610981866
266.0000        2.7684394014        1.2626767456
266.5000        2.7761273100        1.2642552378
267.0000        2.7838118458        1.2658336612
267.5000        2.7914930093        1.2674120136
268.0000        2.7991708009        1.2689902925
268.5000        2.8068452213        1.2705684951
269.0000        2.8145162712        1.2721466185
269.5000        2.8221839514        1.2737246591
270.0000        2.8298482629        1.2753026132
270.5000        2.8375092066        1.2768804765
271.0000        2.8451667838        1.2784582447
271.5000        2.8528209956        1.2800359132
272.0000        2.8604718432        1.2816134773
272.5000        2.8681193277        1.2831909324
273.0000        2.8757634504        1.2847682737
273.5000        2.8834042123        1.2863454969
274.0000        2.8910416142        1.2879225978
274.5000        2.8986756570        1.2894995723
275.0000        2.9063063416        1.2910764165
275.5000        2.9139336686        1.2926531266
276.0000        2.9215576389        1.2942296989
276.5000        2.9291782531        1.2958061294
277.0000        2.9367955122        1.2973824144
277.5000        2.9444094170        1.2989585498
278.0000        2.9520199686        1.3005345315
278.5000        2.9596271680        1.3021103554
279.0000        2.9672310162        1.3036860172
279.5000        2.9748315143        1.3052615129
280.0000        2.9824286632        1.3068368389
280.5000        2.9900224637        1.3084119918
281.0000        2.9976129165        1.3099869685
281.5000        3.0052000221        1.3115617666
282.0000        3.0127837808        1.3131363840
282.5000        3.0203641928        1.3147108192
283.0000        3.0279412581        1.3162850710
283.5000        3.0355149769        1.3178591383
284.0000        3.0430853491        1.3194330201
284.5000        3.0506523748        1.3210067157
285.0000        3.0582160541        1.3225802241
285.5000        3.0657763873        1.3241535445
286.0000        3.0733333745        1.3257266759
286.5000        3.0808870161        1.3272996174
287.0000        3.0884373122        1.3288723683
287.5000        3.0959842631        1.3304449284
288.0000        3.1035278688        1.3320172976
288.5000        3.1110681290        1.3335894764
289.0000        3.1186050436        1.3351614658
289.5000        3.1261386119        1.3367332673
290.0000        3.1336688335        1.3383048828
290.5000        3.1411957075        1.3398763145
291.0000        3.1487192332        1.3414475647
291.5000        3.1562394100        1.3430186357
292.0000        3.1637562372        1.3445895297
292.5000        3.1712697143        1.3461602490
293.0000        3.1787798408        1.3477307953
293.5000        3.1862866163        1.3493011705
294.0000        3.1937900407        1.3508713764
294.5000        3.2012901134        1.3524414149
295.0000        3.2087868341        1.3540112880
295.5000        3.2162802024        1.3555809981
296.0000        3.2237702175        1.3571505479
296.5000        3.2312568786        1.3587199405
297.0000        3.2387401850        1.3602891792
297.5000        3.2462201355        1.3618582674
298.0000        3.2536967293        1.3634272086
298.5000        3.2611699655        1.3649960061
299.0000        3.2686398433        1.3665646631
299.5000        3.2761063619        1.3681331824
300.0000        3.2835695210        1.3697015662
