       t                  x1                  x2
  0.0000       -1.3633760565       -0.2231848029
  0.5000       -1.3601366097       -0.2216468537
  1.0000       -1.3568632903       -0.2201088849
  1.5000       -1.3535561048       -0.2185708473
  2.0000       -1.3502150640       -0.2170326621
  2.5000       -1.3468401817       -0.2154942257
  3.0000       -1.3434314745       -0.2139554150
  3.5000       -1.3399889606       -0.2124160942
  4.0000       -1.3365126590       -0.2108761223
  4.5000       -1.3330025884       -0.2093353598
  5.0000       -1.3294587664       -0.2077936763
  5.5000       -1.3258812087       -0.2062509567
  6.0000       -1.3222699283       -0.2047071065
  6.5000       -1.3186249351       -0.2031620564
  7.0000       -1.3149462354       -0.2016157649
  7.5000       -1.3112338319       -0.2000682197
  8.0000       -1.3074877235       -0.1985194373
  8.5000       -1.3037079057       -0.1969694619
  9.0000       -1.2998943709       -0.1954183617
  9.5000       -1.2960471087       -0.1938662254
 10.0000       -1.2921661069       -0.1923131570
 10.5000       -1.2882513515       -0.1907592704
 11.0000       -1.2843028281       -0.1892046836
 11.5000       -1.2803205221       -0.1876495134
 12.0000       -1.2763044196       -0.1860938697
 12.5000       -1.2722545077       -0.1845378511
 13.0000       -1.2681707751       -0.1829815412
 13.5000       -1.2640532125       -0.1814250055
 14.0000       -1.2599018127       -0.1798682899
 14.5000       -1.2557165711       -0.1783114199
 15.0000       -1.2515049229       -0.1767570919
 15.5000       -1.2472668713       -0.1752049784
 16.0000       -1.2429949798       -0.1736522807
 16.5000       -1.2386892484       -0.1720989989
 17.0000       -1.2343496769       -0.1705451338
 17.5000       -1.2299762653       -0.1689906865
 18.0000       -1.2255690133       -0.1674356587
 18.5000       -1.2211279207       -0.1658800526
 19.0000       -1.2166529872       -0.1643238713
 19.5000       -1.2121442123       -0.1627671183
 20.0000       -1.2076015957       -0.1612097980
 20.5000       -1.2030251367       -0.1596519152
 21.0000       -1.1984148348       -0.1580934753
 21.5000       -1.1937706893       -0.1565344841
 22.0000       -1.1890926995       -0.1549749477
 22.5000       -1.1843808649       -0.1534148725
 23.0000       -1.1796351846       -0.1518542650
 23.5000       -1.1748556579       -0.1502931314
 24.0000       -1.1700422843       -0.1487314781
 24.5000       -1.1651950630       -0.1471693111
 25.0000       -1.1603139934       -0.1456066360
 25.5000       -1.1553990749       -0.1440434582
 26.0000       -1.1504503071       -0.1424797826
 26.5000       -1.1454676893       -0.1409156134
 27.0000       -1.1404512211       -0.1393509548
 27.5000       -1.1354009023       -0.1377858102
 28.0000       -1.1303167323       -0.1362201827
 28.5000       -1.1251987110       -0.1346540750
 29.0000       -1.1200468380       -0.1330874897
 29.5000       -1.1148611130       -0.1315204290
 30.0000       -1.1096415359       -0.1299528949
 30.5000       -1.1043881065       -0.1283848896
 31.0000       -1.0991008245       -0.1268164150
 31.5000       -1.0937796897       -0.1252474733
 32.0000       -1.0884247020       -0.1236780667
 32.5000       -1.0830358611       -0.1221081976
 33.0000       -1.0776131667       -0.1205378688
 33.5000       -1.0721566188       -0.1189670830
 34.0000       -1.0666662169       -0.1173958434
 34.5000       -1.0611419609       -0.1158241535
 35.0000       -1.0555838503       -0.1142520168
 35.5000       -1.0499918850       -0.1126794372
 36.0000       -1.0443660646       -0.1111064188
 36.5000       -1.0387063887       -0.1095329659
 37.0000       -1.0330128571       -0.1079590827
 37.5000       -1.0272854693       -0.1063847738
 38.0000       -1.0215242249       -0.1048100437
 38.5000       -1.0157291237       -0.1032348968
 39.0000       -1.0099001653       -0.1016593378
 39.5000       -1.0040373492       -0.1000833712
 40.0000       -0.9981406751       -0.0985070015
 40.5000       -0.9922101427       -0.0969302332
 41.0000       -0.9862457515       -0.0953530706
 41.5000       -0.9802475011       -0.0937755182
 42.0000       -0.9742153913       -0.0921975804
 42.5000       -0.9681494217       -0.0906192616
 43.0000       -0.9620495918       -0.0890405661
 43.5000       -0.9559159013       -0.0874614985
 44.0000       -0.9497483499       -0.0858820633
 44.5000       -0.9435469370       -0.0843022651
 45.0000       -0.9373116625       -0.0827221087
 45.5000       -0.9310425258       -0.0811415990
 46.0000       -0.9247395266       -0.0795607411
 46.5000       -0.9184026646       -0.0779795401
 47.0000       -0.9120319392       -0.0763980015
 47.5000       -0.9056273502       -0.0748161307
 48.0000       -0.8991888970       -0.0732339334
 48.5000       -0.8927165794       -0.0716514155
 49.0000       -0.8862103970       -0.0700685829
 49.5000       -0.8796703493       -0.0684854416
 50.0000       -0.8730964360       -0.0669019977
 50.5000       -0.8664886566       -0.0653182572
 51.0000       -0.8598470109       -0.0637342264
 51.5000       -0.8531714985       -0.0621499111
 52.0000       -0.8464621191       -0.0605653175
 52.5000       -0.8397188722       -0.0589804514
 53.0000       -0.8329417577       -0.0573953186
 53.5000       -0.8261307752       -0.0558099247
 54.0000       -0.8192859244       -0.0542242752
 54.5000       -0.8124072050       -0.0526383754
 55.0000       -0.8054946169       -0.0510522305
 55.5000       -0.7985481597       -0.0494658454
 56.0000       -0.7915678332       -0.0478792250
 56.5000       -0.7845536372       -0.0462923739
 57.0000       -0.7775055715       -0.0447052966
 57.5000       -0.7704236359       -0.0431179976
 58.0000       -0.7633078302       -0.0415304814
 58.5000       -0.7561581542       -0.0399427522
 59.0000       -0.7489746077       -0.0383548145
 59.5000       -0.7417571905       -0.0367666726
 60.0000       -0.7345059024       -0.0351783311
 60.5000       -0.7272207434       -0.0335897944
 61.0000       -0.7199017131       -0.0320010675
 61.5000       -0.7125488114       -0.0304121551
 62.0000       -0.7051620381       -0.0288230626
 62.5000       -0.6977413931       -0.0272337952
 63.0000       -0.6902868762       -0.0256443588
 63.5000       -0.6827984871       -0.0240547592
 64.0000       -0.6752762257       -0.0224650027
 64.5000       -0.6677200919       -0.0208750960
 65.0000       -0.6601300854       -0.0192850460
 65.5000       -0.6525062060       -0.0176948599
 66.0000       -0.6448484537       -0.0161045453
 66.5000       -0.6371568282       -0.0145141101
 67.0000       -0.6294313295       -0.0129235625
 67.5000       -0.6216719573       -0.0113329110
 68.0000       -0.6138787115       -0.0097421642
 68.5000       -0.6060515920       -0.0081513313
 69.0000       -0.5981905988       -0.0065604215
 69.5000       -0.5902957316       -0.0049694442
 70.0000       -0.5823669905       -0.0033784090
 70.5000       -0.5744043755       -0.0017873258
 71.0000       -0.5664078863       -0.0001962045
 71.5000       -0.5583775232        0.0013949448
 72.0000       -0.5503132860        0.0029861120
 72.5000       -0.5422151748        0.0045772866
 73.0000       -0.5340831896        0.0061684585
 73.5000       -0.5259173305        0.0077596171
 74.0000       -0.5177175977        0.0093507520
 74.5000       -0.5094839913        0.0109418527
 75.0000       -0.5012165113        0.0125329086
 75.5000       -0.4929151581        0.0141239091
 76.0000       -0.4845799318        0.0157148435
 76.5000       -0.4762108326        0.0173057012
 77.0000       -0.4678078609        0.0188964714
 77.5000       -0.4593710169        0.0204871432
 78.0000       -0.4509003010        0.0220777060
 78.5000       -0.4423957136        0.0236681486
 79.0000       -0.4338572552        0.0252584601
 79.5000       -0.4252849260        0.0268486294
 80.0000       -0.4166787268        0.0284386451
 80.5000       -0.4080386580        0.0300284960
 81.0000       -0.3993647202        0.0316181705
 81.5000       -0.3906569141        0.0332076569
 82.0000       -0.3819152405        0.0347969434
 82.5000       -0.3731396999        0.0363860180
 83.0000       -0.3643302934        0.0379748685
 83.5000       -0.3554870218        0.0395634823
 84.0000       -0.3466098860        0.0411518469
 84.5000       -0.3376988872        0.0427399494
 85.0000       -0.3287540264        0.0443277766
 85.5000       -0.3197753049        0.0459153151
 86.0000       -0.3107627240        0.0475025513
 86.5000       -0.3017162851        0.0490894712
 87.0000       -0.2926359896        0.0506760607
 87.5000       -0.2835218393        0.0522623053
 88.0000       -0.2743738358        0.0538481903
 88.5000       -0.2651919811        0.0554337007
 89.0000       -0.2559762772        0.0570188211
 89.5000       -0.2467267261        0.0586035361
 90.0000       -0.2374433303        0.0601878297
 90.5000       -0.2281260921        0.0617716858
 91.0000       -0.2187750142        0.0633550882
 91.5000       -0.2093900994        0.0649380201
 92.0000       -0.1999713507        0.0665204648
 92.5000       -0.1905187714        0.0681024051
 93.0000       -0.1810323648        0.0696838238
 93.5000       -0.1715121347        0.0712647033
 94.0000       -0.1619580848        0.0728450259
 94.5000       -0.1523702195        0.0744247737
 95.0000       -0.1427485430        0.0760039287
 95.5000       -0.1330930601        0.0775824728
 96.0000       -0.1234037759        0.0791603876
 96.5000       -0.1136806957        0.0807376548
 97.0000       -0.1039238252        0.0823142561
 97.5000       -0.0941331704        0.0838901728
 98.0000       -0.0843087378        0.0854653867
 98.5000       -0.0744505341        0.0870398793
 99.0000       -0.0645585668        0.0886136323
 99.5000       -0.0546328434        0.0901866275
100.0000       -0.0446733722        0.0917588469
100.5000       -0.0346801619        0.0933302726
101.0000       -0.0246532216        0.0949008872
101.5000       -0.0145925613        0.0964706734
102.0000       -0.0044981913        0.0980396144
102.5000        0.0056298774        0.0996076939
103.0000        0.0157916332        0.1011748959
103.5000        0.0259870637        0.1027412052
104.0000        0.0362161557        0.1043066072
104.5000        0.0464788955        0.1058710882
105.0000        0.0567752684        0.1074346351
105.5000        0.0671052588        0.1089972360
106.0000        0.0774688504        0.1105588799
106.5000        0.0878660260        0.1121195570
107.0000        0.0982967670        0.1136792588
107.5000        0.1087610544        0.1152379782
108.0000        0.1191918594        0.1167851912
108.5000        0.1296359354        0.1183272893
109.0000        0.1400932683        0.1198642671
109.5000        0.1505638430        0.1213961209
110.0000        0.1610476436        0.1229228481
110.5000        0.1715446528        0.1244444478
111.0000        0.1820548522        0.1259609209
111.5000        0.1925782216        0.1274722708
112.0000        0.2031147397        0.1289785030
112.5000        0.2136643829        0.1304796262
113.0000        0.2242271262        0.1319756518
113.5000        0.2348029422        0.1334665953
114.0000        0.2453918015        0.1349524757
114.5000        0.2559936722        0.1364333166
115.0000        0.2666085200        0.1379091465
115.5000        0.2772363079        0.1393799989
116.0000        0.2878769961        0.1408459134
116.5000        0.2985305419        0.1423069356
117.0000        0.3091968992        0.1437631181
117.5000        0.3198760189        0.1452145206
118.0000        0.3305678484        0.1466612107
118.5000        0.3412723317        0.1481032644
119.0000        0.3519894088        0.1495407663
119.5000        0.3627190163        0.1509738107
120.0000        0.3734610866        0.1524025015
120.5000        0.3842155483        0.1538269530
121.0000        0.3949823259        0.1552472906
121.5000        0.4057613397        0.1566636504
122.0000        0.4165525060        0.1580761806
122.5000        0.4273557366        0.1594850412
123.0000        0.4381709393        0.1608904044
123.5000        0.4489980178        0.1622924551
124.0000        0.4598368714        0.1636913904
124.5000        0.4706873956        0.1650874208
125.0000        0.4815494819        0.1664807688
125.5000        0.4924230177        0.1678716702
126.0000        0.5033078872        0.1692603725
126.5000        0.5142039708        0.1706471358
127.0000        0.5251111459        0.1720322315
127.5000        0.5360292870        0.1734159421
128.0000        0.5469582660        0.1747985602
128.5000        0.5578979524        0.1761803880
129.0000        0.5688482143        0.1775617357
129.5000        0.5798089181        0.1789429208
130.0000        0.5907799296        0.1803242664
130.5000        0.6017611141        0.1817060999
131.0000        0.6127523372        0.1830887510
131.5000        0.6237534655        0.1844725502
132.0000        0.6347643670        0.1858578262
132.5000        0.6457849117        0.1872449045
133.0000        0.6568149729        0.1886341043
133.5000        0.6678544272        0.1900257365
134.0000        0.6789031557        0.1914201012
134.5000        0.6899610444        0.1928174847
135.0000        0.7010279855        0.1942181570
135.5000        0.7121038774        0.1956223691
136.0000        0.7231886262        0.1970303503
136.5000        0.7342821458        0.1984423051
137.0000        0.7453843590        0.1998584111
137.5000        0.7564951977        0.2012788161
138.0000        0.7676146040        0.2027036359
138.5000        0.7787425302        0.2041329521
139.0000        0.7898789396        0.2055668101
139.5000        0.8010238066        0.2070052178
140.0000        0.8121771170        0.2084481439
140.5000        0.8233388682        0.2098955175
141.0000        0.8345090692        0.2113472275
141.5000        0.8456877402        0.2128031227
142.0000        0.8568749126        0.2142630127
142.5000        0.8680706286        0.2157266688
143.0000        0.8792749403        0.2171938260
143.5000        0.8904879095        0.2186641856
144.0000        0.9017096062        0.2201374180
144.5000        0.9129401080        0.2216131666
145.0000        0.9241794989        0.2230910523
145.5000        0.9354278677        0.2245706779
146.0000        0.9466853071        0.2260516345
146.5000        0.9579519114        0.2275335063
147.0000        0.9692277756        0.2290158783
147.5000        0.9805129934        0.2304983418
148.0000        0.9918076556        0.2319805023
148.5000        1.0031118481        0.2334619863
149.0000        1.0144256506        0.2349424481
149.5000        1.0257491347        0.2364215771
150.0000        1.0370823625        0.2378991042
150.5000        1.0484253851        0.2393748077
151.0000        1.0597782414        0.2408485193
151.5000        1.0711409574        0.2423201283
152.0000        1.0825135447        0.2437895853
152.5000        1.0938960008        0.2452569049
153.0000        1.1052883086        0.2467221669
153.5000        1.1166904364        0.2481855164
154.0000        1.1281023385        0.2496471616
154.5000        1.1395239562        0.2511073713
155.0000        1.1509552187        0.2525664699
155.5000        1.1623960451        0.2540248311
156.0000        1.1738463458        0.2554828697
156.5000        1.1873567330        0.2572011031
157.0000        1.2009007616        0.2589208057
157.5000        1.2144784400        0.2606419702
158.0000        1.2280897727        0.2623645734
158.5000        1.2417347579        0.2640886134
159.0000        1.2554133957        0.2658140896
159.5000        1.2691256865        0.2675410011
160.0000        1.2828716308        0.2692693463
160.5000        1.2966512292        0.2709991227
161.0000        1.3104644828        0.2727303266
161.5000        1.3243113931        0.2744629532
162.0000        1.3381919617        0.2761969966
162.5000        1.3521061909        0.2779324490
163.0000        1.3660541516        0.2796692985
163.5000        1.3800358669        0.2814074743
164.0000        1.3940512760        0.2831469571
164.5000        1.4081003790        0.2848877465
165.0000        1.4221831763        0.2866298415
165.5000        1.4362996681        0.2883732407
166.0000        1.4504498551        0.2901179416
166.5000        1.4646337383        0.2918639409
167.0000        1.4788513189        0.2936112340
167.5000        1.4931025983        0.2953598151
168.0000        1.5073875786        0.2971096770
168.5000        1.5217062619        0.2988608110
169.0000        1.5360586509        0.3006132073
169.5000        1.5504447485        0.3023668542
170.0000        1.5648645581        0.3041217392
170.5000        1.5793180834        0.3058778482
171.0000        1.5938053282        0.3076351662
171.5000        1.6083262965        0.3093936775
172.0000        1.6228809927        0.3111533656
172.5000        1.6374694211        0.3129142136
173.0000        1.6520915861        0.3146762049
173.5000        1.6667474919        0.3164393229
174.0000        1.6814371426        0.3182035516
174.5000        1.6961605423        0.3199688758
175.0000        1.7109176945        0.3217352818
175.5000        1.7257086026        0.3235027568
176.0000        1.7405332694        0.3252712899
176.5000        1.7553917703        0.3270409017
177.0000        1.7702840383        0.3288116233
177.5000        1.7852100537        0.3305834534
178.0000        1.8001698166        0.3323563913
178.5000        1.8151633272        0.3341304361
179.0000        1.8301905860        0.3359055857
179.5000        1.8452515937        0.3376818373
180.0000        1.8603463510        0.3394591872
180.5000        1.8754748592        0.3412376304
181.0000        1.8906371195        0.3430171609
181.5000        1.9058331336        0.3447977716
182.0000        1.9210629033        0.3465794544
182.5000        1.9363264306        0.3483622003
183.0000        1.9516237176        0.3501459997
183.5000        1.9669547667        0.3519308425
184.0000        1.9823195800        0.3537167187
184.5000        1.9977181600        0.3555036179
185.0000        2.0131505087        0.3572915305
185.5000        2.0286166282        0.3590804475
186.0000        2.0441165204        0.3608703607
186.5000        2.0596501869        0.3626612630
187.0000        2.0752176289        0.3644531487
187.5000        2.0908188477        0.3662460134
188.0000        2.1064538437        0.3680398539
188.5000        2.1221226231        0.3698346722
189.0000        2.1378251822        0.3716304845
189.5000        2.1535615142        0.3734272929
190.0000        2.1693316192        0.3752250968
190.5000        2.1851354974        0.3770238953
191.0000        2.2009731493        0.3788236865
191.5000        2.2168445752        0.3806244679
192.0000        2.2327497760        0.3824262359
192.5000        2.2486887526        0.3842289858
193.0000        2.2646615061        0.3860327125
193.5000        2.2806680377        0.3878374095
194.0000        2.2967083488        0.3896430702
194.5000        2.3127824408        0.3914496874
195.0000        2.3288903153        0.3932572540
195.5000        2.3450319736        0.3950657629
196.0000        2.3612074171        0.3968752075
196.5000        2.3774166469        0.3986855822
197.0000        2.3936596641        0.4004968819
197.5000        2.4099364694        0.4023091030
198.0000        2.4262470635        0.4041222428
198.5000        2.4425914467        0.4059362995
199.0000        2.4589696190        0.4077512725
199.5000        2.4753815806        0.4095671621
200.0000        2.4918273313        0.4113839686
200.5000        2.5083068709        0.4132016931
201.0000        2.5248201992        0.4150203362
201.5000        2.5413673162        0.4168398984
202.0000        2.5579482218        0.4186603793
202.5000        2.5745629162        0.4204817778
203.0000        2.5912113998        0.4223040919
203.5000        2.6078936730        0.4241273185
204.0000        2.6246097367        0.4259514537
204.5000        2.6413595915        0.4277764926
205.0000        2.6581432387        0.4296024301
205.5000        2.6749606791        0.4314292605
206.0000        2.6918119140        0.4332569782
206.5000        2.7086969443        0.4350855778
207.0000        2.7256157711        0.4369150544
207.5000        2.7425683951        0.4387454039
208.0000        2.7595548170        0.4405766228
208.5000        2.7765750374        0.4424087087
209.0000        2.7936290566        0.4442416598
209.5000        2.8107168748        0.4460754752
210.0000        2.8278384921        0.4479101544
210.5000        2.8449939084        0.4497456973
211.0000        2.8621831238        0.4515821040
211.5000        2.8794061380        0.4534193745
212.0000        2.8966629511        0.4552575086
212.5000        2.9139535632        0.4570965056
213.0000        2.9312779744        0.4589363643
213.5000        2.9486361850        0.4607770830
214.0000        2.9660281954        0.4626186593
214.5000        2.9834540061        0.4644610901
215.0000        3.0009136179        0.4663043721
215.5000        3.0184070314        0.4681485011
216.0000        3.0359342474        0.4699934732
216.5000        3.0534952669        0.4718392840
217.0000        3.0710900904        0.4736859294
217.5000        3.0887187189        0.4755334054
218.0000        3.1063811528        0.4773817087
218.5000        3.1240773926        0.4792308365
219.0000        3.1418074387        0.4810807870
219.5000        3.1595712912        0.4829315591
220.0000        3.1773689501        0.4847831525
220.5000        3.1952004152        0.4866355676
221.0000        3.2130656864        0.4884888053
221.5000        3.2309647634        0.4903428664
222.0000        3.2488976462        0.4921977517
222.5000        3.2668643347        0.4940534611
223.0000        3.2848648291        0.4959099937
223.5000        3.3028991297        0.4977673474
224.0000        3.3209672374        0.4996255188
224.5000        3.3390691527        0.5014845033
225.0000        3.3572048768        0.5033442956
225.5000        3.3753744105        0.5052048900
226.0000        3.3935777547        0.5070662814
226.5000        3.4118149103        0.5089284652
227.0000        3.4300858775        0.5107914385
227.5000        3.4483906568        0.5126551999
228.0000        3.4667292478        0.5145197499
228.5000        3.4851016503        0.5163850904
229.0000        3.5035078637        0.5182512243
229.5000        3.5219478877        0.5201181544
230.0000        3.5404217217        0.5219858831
230.5000        3.5589293657        0.5238544110
231.0000        3.5774708200        0.5257237368
231.5000        3.5960460851        0.5275938573
232.0000        3.6146551618        0.5294647669
232.5000        3.6332980514        0.5313364590
233.0000        3.6519747550        0.5332089266
233.5000        3.6706852736        0.5350821633
234.0000        3.6894296079        0.5369561646
234.5000        3.7082077582        0.5388309283
235.0000        3.7270197245        0.5407064548
235.5000        3.7458655064        0.5425827467
236.0000        3.7647451031        0.5444598081
236.5000        3.7836585140        0.5463376433
237.0000        3.8026057386        0.5482162558
237.5000        3.8215867765        0.5500956468
238.0000        3.8406016281        0.5519758147
238.5000        3.8596502941        0.5538567552
239.0000        3.8787327755        0.5557384618
239.5000        3.8978490735        0.5576209268
240.0000        3.9169991893        0.5595041428
240.5000        3.9361831238        0.5613881042
241.0000        3.9554008775        0.5632728079
241.5000        3.9746524503        0.5651582541
242.0000        3.9939378418        0.5670444457
242.5000        4.0132570512        0.5689313871
243.0000        4.0326100779        0.5708190833
243.5000        4.0519969213        0.5727075379
244.0000        4.0714175811        0.5745967518
244.5000        4.0908720577        0.5764867231
245.0000        4.1103603518        0.5783774466
245.5000        4.1298824646        0.5802689154
246.0000        4.1494383971        0.5821611219
246.5000        4.1690281505        0.5840540595
247.0000        4.1886517253        0.5859477242
247.5000        4.2083091217        0.5878421150
248.0000        4.2280003395        0.5897372341
248.5000        4.2477253780        0.5916330856
249.0000        4.2674842364        0.5935296739
249.5000        4.2872769143        0.5954270028
250.0000        4.3071034113        0.5973250733
250.5000        4.3269637279        0.5992238834
251.0000        4.3468578646        0.6011234285
251.5000        4.3667858225        0.6030237021
252.0000        4.3867476026        0.6049246975
252.5000        4.4067432056        0.6068264094
253.0000        4.4267726322        0.6087288347
253.5000        4.4468358822        0.6106319736
254.0000        4.4669329554        0.6125358284
254.5000        4.4870638512        0.6144404028
255.0000        4.5072285691        0.6163457003
255.5000        4.5274271087        0.6182517226
256.0000        4.5476594701        0.6201584692
256.5000        4.5679256537        0.6220659370
257.0000        4.5882256604        0.6239741209
257.5000        4.6085594908        0.6258830154
258.0000        4.6289271458        0.6277926157
258.5000        4.6493286259        0.6297029188
259.0000        4.6697639311        0.6316139239
259.5000        4.6902330613        0.6335256326
260.0000        4.7107360161        0.6354380472
260.5000        4.7312727951        0.6373511701
261.0000        4.7518433980        0.6392650027
261.5000        4.7724478250        0.6411795444
262.0000        4.7930860764        0.6430947928
262.5000        4.8137581527        0.6450107439
263.0000        4.8344640546        0.6469273935
263.5000        4.8552037827        0.6488447378
264.0000        4.8759773373        0.6507627744
264.5000        4.8967847186        0.6526815024
265.0000        4.9176259265        0.6546009228
265.5000        4.9385009606        0.6565210371
266.0000        4.9594098208        0.6584418469
266.5000        4.9803525069        0.6603633529
267.0000        5.0013290190        0.6622855545
267.5000        5.0223393574        0.6642084494
268.0000        5.0433835225        0.6661320343
268.5000        5.0644615150        0.6680563055
269.0000        5.0855733354        0.6699812596
269.5000        5.1067189840        0.6719068948
270.0000        5.1278984607        0.6738332104
270.5000        5.1491117655        0.6757602077
271.0000        5.1703588980        0.6776878883
271.5000        5.1916398580        0.6796162539
272.0000        5.2129546455        0.6815453047
272.5000        5.2343032606        0.6834750392
273.0000        5.2556857039        0.6854054544
273.5000        5.2771019759        0.6873365461
274.0000        5.2985520772        0.6892683102
274.5000        5.3200360082        0.6912007444
275.0000        5.3415537688        0.6931338485
275.5000        5.3631053589        0.6950676239
276.0000        5.3846907780        0.6970020735
276.5000        5.4063100258        0.6989371992
277.0000        5.4279631023        0.7008730012
277.5000        5.4496500079        0.7028094769
278.0000        5.4713707433        0.7047466220
278.5000        5.4931253090        0.7066844314
279.0000        5.5149137057        0.7086229016
279.5000        5.5367359334        0.7105620315
280.0000        5.5585919918        0.7125018230
280.5000        5.5804818806        0.7144422794
281.0000        5.6024055992        0.7163834037
281.5000        5.6243631477        0.7183251964
282.0000        5.6463545263        0.7202676548
282.5000        5.6683797358        0.7222107740
283.0000        5.6904387770        0.7241545484
283.5000        5.7125316503        0.7260989743
284.0000        5.7346583558        0.7280440514
284.5000        5.7568188930        0.7299897824
285.0000        5.7790132615        0.7319361715
285.5000        5.8012414609        0.7338832214
286.0000        5.8235034912        0.7358309315
286.5000        5.8457993530        0.7377792978
287.0000        5.8681290470        0.7397283143
287.5000        5.8904925741        0.7416779760
288.0000        5.9128899344        0.7436282808
288.5000        5.9353211277        0.7455792305
289.0000        5.9577861534        0.7475308293
289.5000        5.9802850111        0.7494830807
290.0000        6.0028177006        0.7514359856
290.5000        6.0253842225        0.7533895407
291.0000        6.0479845773        0.7553437402
291.5000        6.0706187660        0.7572985786
292.0000        6.0932867888        0.7592540534
292.5000        6.1159886455        0.7612101658
293.0000        6.1387243357        0.7631669198
293.5000        6.1614938588        0.7651243193
294.0000        6.1842972148        0.7670823649
294.5000        6.2071344039        0.7690410536
295.0000        6.2300054270        0.7710003797
295.5000        6.2529102848        0.7729603381
296.0000        6.2758489775        0.7749209267
296.5000        6.2988215049        0.7768821472
297.0000        6.3218278665        0.7788440034
297.5000        6.3448680618        0.7808064984
298.0000        6.3679420910        0.7827696322
298.5000        6.3910499545        0.7847334010
299.0000        6.4141916529        0.7866977994
299.5000        6.4373671868        0.7886628234
300.0000        6.4605765564        0.7906284723
