       t                  x1                  x2                  v1                  v2
  0.0000        0.0064450186        0.0030758957
  0.5000        0.0065127677        0.0030759070
  1.0000        0.0065805078        0.0030759851
  1.5000        0.0066482304        0.0030761923
  2.0000        0.0067159282        0.0030765837
  2.5000        0.0067835952        0.0030772040
  3.0000        0.0068512272        0.0030780853
  3.5000        0.0069188217        0.0030792459
  4.0000        0.0069863783        0.0030806895
  4.5000        0.0070538982        0.0030824051
  5.0000        0.0071213845        0.0030843682
  5.5000        0.0071888420        0.0030865426
  6.0000        0.0072562763        0.0030888818
  6.5000        0.0073236944        0.0030913327
  7.0000        0.0073911035        0.0030938375
  7.5000        0.0074585110        0.0030963377
  8.0000        0.0075259241        0.0030987765
  8.5000        0.0075933496        0.0031011018
  9.0000        0.0076607932        0.0031032686
  9.5000        0.0077282597        0.0031052410
 10.0000        0.0077957526        0.0031069937
 10.5000        0.0078632739        0.0031085125
 11.0000        0.0079308246        0.0031097947
 11.5000        0.0079984040        0.0031108486
 12.0000        0.0080660104        0.0031116926
 12.5000        0.0081336411        0.0031123532
 13.0000        0.0082012925        0.0031128641
 13.5000        0.0082689604        0.0031132631
 14.0000        0.0083366401        0.0031135907
 14.5000        0.0084043272        0.0031138875
 15.0000        0.0084422632        0.0031036425
 15.5000        0.0085099430        0.0031048113
 16.0000        0.0085776229        0.0031059797
 16.5000        0.0086453029        0.0031071471
 17.0000        0.0087129831        0.0031083129
 17.5000        0.0087806635        0.0031094758
 18.0000        0.0088483445        0.0031106348
 18.5000        0.0089160260        0.0031117885
 19.0000        0.0089837082        0.0031129356
 19.5000        0.0090513913        0.0031140748
 20.0000        0.0091190755        0.0031152048
 20.5000        0.0091867607        0.0031163246
 21.0000        0.0092544472        0.0031174331
 21.5000        0.0093221350        0.0031185296
 22.0000        0.0093898242        0.0031196137
 22.5000        0.0094575147        0.0031206849
 23.0000        0.0095252067        0.0031217432
 23.5000        0.0095929000        0.0031227889
 24.0000        0.0096605947        0.0031238223
 24.5000        0.0097282907        0.0031248439
 25.0000        0.0097959879        0.0031258545
 25.5000        0.0098636862        0.0031268550
 26.0000        0.0099313855        0.0031278462
 26.5000        0.0099990858        0.0031288290
 27.0000        0.0100667869        0.0031298044
 27.5000        0.0101344887        0.0031307731
 28.0000        0.0102021912        0.0031317360
 28.5000        0.0102698943        0.0031326937
 29.0000        0.0103375979        0.0031336468
 29.5000        0.0104053020        0.0031345955
 30.0000        0.0104730065        0.0031355401
 30.5000        0.0105407114        0.0031364806
 31.0000        0.0106084167        0.0031374170
 31.5000        0.0106761224        0.0031383491
 32.0000        0.0107438286        0.0031392765
 32.5000        0.0108115352        0.0031401988
 33.0000        0.0108792422        0.0031411156
 33.5000        0.0109469498        0.0031420264
 34.0000        0.0110146578        0.0031429307
 34.5000        0.0110823665        0.0031438279
 35.0000        0.0111500757        0.0031447176
 35.5000        0.0112177856        0.0031455993
 36.0000        0.0112854962        0.0031464727
 36.5000        0.0113532074        0.0031473376
 37.0000        0.0114209193        0.0031481935
 37.5000        0.0114886320        0.0031490406
 38.0000        0.0115563454        0.0031498785
 38.5000        0.0116240595        0.0031507073
 39.0000        0.0116917744        0.0031515271
 39.5000        0.0117594900        0.0031523378
 40.0000        0.0118272064        0.0031531395
 40.5000        0.0118949235        0.0031539324
 41.0000        0.0119626414        0.0031547164
 41.5000        0.0120303600        0.0031554916
 42.0000        0.0120980793        0.0031562581
 42.5000        0.0121657994        0.0031570158
 43.0000        0.0122335202        0.0031577645
 43.5000        0.0123012418        0.0031585043
 44.0000        0.0123689641        0.0031592349
 44.5000        0.0124366872        0.0031599561
 45.0000        0.0125044111        0.0031606677
 45.5000        0.0125721357        0.0031613693
 46.0000        0.0126398611        0.0031620607
 46.5000        0.0127075873        0.0031627414
 47.0000        0.0127753143        0.0031634113
 47.5000        0.0128430420        0.0031640699
 48.0000        0.0129107706        0.0031647171
 48.5000        0.0129784999        0.0031653525
 49.0000        0.0130462300        0.0031659759
 49.5000        0.0131139609        0.0031665872
 50.0000        0.0131816925        0.0031671864
 50.5000        0.0132494249        0.0031677733
 51.0000        0.0133171580        0.0031683481
 51.5000        0.0133848918        0.0031689108
 52.0000        0.0134526262        0.0031694617
 52.5000        0.0135203613        0.0031700008
 53.0000        0.0135880970        0.0031705285
 53.5000        0.0136558332        0.0031710451
 54.0000        0.0137235701        0.0031715510
 54.5000        0.0137913074        0.0031720463
 55.0000        0.0138590453        0.0031725316
 55.5000        0.0139267836        0.0031730071
 56.0000        0.0139945224        0.0031734731
 56.5000        0.0140622616        0.0031739299
 57.0000        0.0141300012        0.0031743777
 57.5000        0.0141977413        0.0031748166
 58.0000        0.0142654817        0.0031752468
 58.5000        0.0143332225        0.0031756683
 59.0000        0.0144009636        0.0031760811
 59.5000        0.0144687052        0.0031764849
 60.0000        0.0145364471        0.0031768797
 60.5000        0.0146041893        0.0031772652
 61.0000        0.0146719319        0.0031776410
 61.5000        0.0147396749        0.0031780066
 62.0000        0.0148074182        0.0031783617
 62.5000        0.0148751619        0.0031787057
 63.0000        0.0149429060        0.0031790381
 63.5000        0.0150106504        0.0031793582
 64.0000        0.0150783952        0.0031796654
 64.5000        0.0151461403        0.0031799591
 65.0000        0.0152138858        0.0031802386
 65.5000        0.0152816316        0.0031805032
 66.0000        0.0153493777        0.0031807524
 66.5000        0.0154171242        0.0031809856
 67.0000        0.0154848709        0.0031812020
 67.5000        0.0155526179        0.0031814012
 68.0000        0.0156203652        0.0031815826
 68.5000        0.0156881127        0.0031817458
 69.0000        0.0157558604        0.0031818903
 69.5000        0.0158236082        0.0031820157
 70.0000        0.0158913562        0.0031821216
 70.5000        0.0159591042        0.0031822078
 71.0000        0.0160268523        0.0031822740
 71.5000        0.0160946004        0.0031823198
 72.0000        0.0161623484        0.0031823452
 72.5000        0.0162300964        0.0031823500
 73.0000        0.0162978442        0.0031823339
 73.5000        0.0163655919        0.0031822970
 74.0000        0.0164333393        0.0031822391
 74.5000        0.0165010865        0.0031821601
 75.0000        0.0165688333        0.0031820599
 75.5000        0.0166365796        0.0031819384
 76.0000        0.0167043256        0.0031817956
 76.5000        0.0167720710        0.0031816314
 77.0000        0.0168398158        0.0031814456
 77.5000        0.0169075600        0.0031812382
 78.0000        0.0169753034        0.0031810090
 78.5000        0.0170430460        0.0031807578
 79.0000        0.0171107878        0.0031804844
 79.5000        0.0171785285        0.0031801887
 80.0000        0.0172462682        0.0031798704
 80.5000        0.0173140068        0.0031795292
 81.0000        0.0173817441        0.0031791648
 81.5000        0.0174494800        0.0031787769
 82.0000        0.0175172145        0.0031783651
 82.5000        0.0175849473        0.0031779291
 83.0000        0.0176526784        0.0031774684
 83.5000        0.0177204077        0.0031769827
 84.0000        0.0177881349        0.0031764714
 84.5000        0.0178558600        0.0031759340
 85.0000        0.0179235827        0.0031753701
 85.5000        0.0179913029        0.0031747792
 86.0000        0.0180590204        0.0031741608
 86.5000        0.0181267349        0.0031735142
 87.0000        0.0181944463        0.0031728390
 87.5000        0.0182621544        0.0031721345
 88.0000        0.0183298588        0.0031714004
 88.5000        0.0183975593        0.0031706359
 89.0000        0.0184652557        0.0031698405
 89.5000        0.0185329477        0.0031690138
 90.0000        0.0186006349        0.0031681551
 90.5000        0.0186683170        0.0031672640
 91.0000        0.0187359936        0.0031663398
 91.5000        0.0188036645        0.0031653822
 92.0000        0.0188713291        0.0031643907
 92.5000        0.0189389871        0.0031633647
 93.0000        0.0190066380        0.0031623039
 93.5000        0.0190742813        0.0031612079
 94.0000        0.0191419166        0.0031600763
 94.5000        0.0192095433        0.0031589088
 95.0000        0.0192771609        0.0031577051
 95.5000        0.0193447688        0.0031564649
 96.0000        0.0194123662        0.0031551881
 96.5000        0.0194799527        0.0031538745
 97.0000        0.0195475274        0.0031525241
 97.5000        0.0196150896        0.0031511367
 98.0000        0.0196826386        0.0031497125
 98.5000        0.0197501735        0.0031482516
 99.0000        0.0198176934        0.0031467542
 99.5000        0.0198851974        0.0031452205
100.0000        0.0199526845        0.0031436510
100.5000        0.0200201537        0.0031420461
101.0000        0.0200876039        0.0031404064
101.5000        0.0201550339        0.0031387327
102.0000        0.0202224425        0.0031370258
102.5000        0.0202898285        0.0031352865
103.0000        0.0203571904        0.0031335162
103.5000        0.0204245269        0.0031317160
104.0000        0.0204918365        0.0031298874
104.5000        0.0205591176        0.0031280320
105.0000        0.0206263686        0.0031261516
105.5000        0.0206935876        0.0031242482
106.0000        0.0207607730        0.0031223240
106.5000        0.0208279228        0.0031203815
107.0000        0.0208950350        0.0031184233
107.5000        0.0208483301        0.0030995371
108.0000        0.0208748855        0.0030893129
108.5000        0.0209014136        0.0030790774
109.0000        0.0209279127        0.0030688327
109.5000        0.0209543808        0.0030585815
110.0000        0.0209808157        0.0030483268
110.5000        0.0210072149        0.0030380721
111.0000        0.0210335757        0.0030278216
111.5000        0.0210598949        0.0030175798
112.0000        0.0210861693        0.0030073521
112.5000        0.0211123952        0.0029971444
113.0000        0.0211385686        0.0029869635
113.5000        0.0211646854        0.0029768168
114.0000        0.0211907409        0.0029667128
114.5000        0.0212167303        0.0029566606
115.0000        0.0212426484        0.0029466702
115.5000        0.0212684898        0.0029367529
116.0000        0.0212942486        0.0029269205
116.5000        0.0213199187        0.0029171862
117.0000        0.0213454938        0.0029075640
117.5000        0.0213709672        0.0028980690
118.0000        0.0213963319        0.0028887173
118.5000        0.0214215807        0.0028795261
119.0000        0.0214467062        0.0028705136
119.5000        0.0214717007        0.0028616992
120.0000        0.0214965563        0.0028531029
120.5000        0.0215212649        0.0028447460
121.0000        0.0215458184        0.0028366505
121.5000        0.0215702084        0.0028288393
122.0000        0.0215944266        0.0028213360
122.5000        0.0216184645        0.0028141649
123.0000        0.0216423137        0.0028073508
123.5000        0.0216659660        0.0028009188
124.0000        0.0216894131        0.0027948943
124.5000        0.0217126469        0.0027893028
125.0000        0.0217356598        0.0027841696
125.5000        0.0217584442        0.0027795199
126.0000        0.0217809930        0.0027753779
126.5000        0.0218032997        0.0027717676
127.0000        0.0218253581        0.0027687113
127.5000        0.0218471627        0.0027662305
128.0000        0.0218687087        0.0027643448
128.5000        0.0218899922        0.0027630718
129.0000        0.0219110099        0.0027624270
129.5000        0.0219317597        0.0027624233
130.0000        0.0219522404        0.0027630706
130.5000        0.0219724519        0.0027643756
131.0000        0.0219923953        0.0027663414
131.5000        0.0220120730        0.0027689671
132.0000        0.0220314886        0.0027722478
132.5000        0.0220506473        0.0027761739
133.0000        0.0220695555        0.0027807311
133.5000        0.0220882212        0.0027859000
134.0000        0.0221066539        0.0027916562
134.5000        0.0221248644        0.0027979696
135.0000        0.0221428653        0.0028048050
135.5000        0.0221606705        0.0028121215
136.0000        0.0221782954        0.0028198727
136.5000        0.0221957568        0.0028280070
137.0000        0.0222130727        0.0028364674
137.5000        0.0222302625        0.0028451921
138.0000        0.0222473464        0.0028541149
138.5000        0.0222643459        0.0028631654
139.0000        0.0222812829        0.0028722695
139.5000        0.0222981802        0.0028813506
140.0000        0.0223150606        0.0028903297
140.5000        0.0223319473        0.0028991269
141.0000        0.0223488634        0.0029076617
141.5000        0.0223658312        0.0029158545
142.0000        0.0223828728        0.0029236277
142.5000        0.0224000089        0.0029309065
143.0000        0.0224172591        0.0029376207
143.5000        0.0224346414        0.0029437054
144.0000        0.0224521718        0.0029491027
144.5000        0.0224698641        0.0029537627
145.0000        0.0224877297        0.0029576447
145.5000        0.0225057772        0.0029607187
146.0000        0.0225240123        0.0029629659
146.5000        0.0225424373        0.0029643802
147.0000        0.0225610515        0.0029649684
147.5000        0.0225798508        0.0029647513
148.0000        0.0225988273        0.0029637637
148.5000        0.0226179700        0.0029620545
149.0000        0.0226372644        0.0029596869
149.5000        0.0226566931        0.0029567374
150.0000        0.0226762354        0.0029532953
150.5000        0.0226958682        0.0029494615
151.0000        0.0227155660        0.0029453472
151.5000        0.0227353017        0.0029410718
152.0000        0.0227550467        0.0029367610
152.5000        0.0227747720        0.0029325445
153.0000        0.0227944484        0.0029285530
153.5000        0.0228140472        0.0029249156
154.0000        0.0228335412        0.0029217567
154.5000        0.0228529054        0.0029191927
155.0000        0.0228721172        0.0029173291
155.5000        0.0228911578        0.0029162569
156.0000        0.0269871332        0.0034349974
156.5000        0.0270544159        0.0034379360
157.0000        0.0271216985        0.0034408744
157.5000        0.0271890130        0.0034437695
158.0000        0.0272563179        0.0034466432
158.5000        0.0273236230        0.0034495164
159.0000        0.0273909285        0.0034523882
159.5000        0.0274582348        0.0034552574
160.0000        0.0275255423        0.0034581225
160.5000        0.0275928516        0.0034609816
161.0000        0.0276601634        0.0034638324
161.5000        0.0277274782        0.0034666723
162.0000        0.0277947971        0.0034694985
162.5000        0.0278621208        0.0034723079
163.0000        0.0279297368        0.0034750446
163.5000        0.0279971244        0.0034776587
164.0000        0.0280645121        0.0034802724
164.5000        0.0281319002        0.0034828848
165.0000        0.0281992889        0.0034854949
165.5000        0.0282666786        0.0034881011
166.0000        0.0283340699        0.0034907015
166.5000        0.0284014633        0.0034932941
167.0000        0.0284688594        0.0034958763
167.5000        0.0285362590        0.0034984455
168.0000        0.0286036627        0.0035009990
168.5000        0.0286710714        0.0035035338
169.0000        0.0287384856        0.0035060472
169.5000        0.0288059061        0.0035085363
170.0000        0.0288733336        0.0035109987
170.5000        0.0289407687        0.0035134322
171.0000        0.0290082117        0.0035158347
171.5000        0.0290756631        0.0035182048
172.0000        0.0291431232        0.0035205417
172.5000        0.0292105919        0.0035228449
173.0000        0.0292780693        0.0035251147
173.5000        0.0293455552        0.0035273518
174.0000        0.0294130492        0.0035295577
174.5000        0.0294805507        0.0035317346
175.0000        0.0295480593        0.0035338848
175.5000        0.0296155740        0.0035360115
176.0000        0.0296830941        0.0035381181
176.5000        0.0297507887        0.0035403345
177.0000        0.0298182833        0.0035425517
177.5000        0.0298857782        0.0035447683
178.0000        0.0299532734        0.0035469832
178.5000        0.0300207693        0.0035491951
179.0000        0.0300882662        0.0035514023
179.5000        0.0301557647        0.0035536030
180.0000        0.0302232651        0.0035557949
180.5000        0.0302907680        0.0035579759
181.0000        0.0303582739        0.0035601437
181.5000        0.0304257831        0.0035622963
182.0000        0.0304932963        0.0035644317
182.5000        0.0305608136        0.0035665486
183.0000        0.0306283353        0.0035686456
183.5000        0.0306958617        0.0035707224
184.0000        0.0307633926        0.0035727786
184.5000        0.0308309279        0.0035748150
185.0000        0.0308984676        0.0035768325
185.5000        0.0309660111        0.0035788327
186.0000        0.0310335582        0.0035808176
186.5000        0.0311011082        0.0035827897
187.0000        0.0311686605        0.0035847516
187.5000        0.0312362146        0.0035867060
188.0000        0.0313037699        0.0035886556
188.5000        0.0313713452        0.0035906285
189.0000        0.0314388910        0.0035926208
189.5000        0.0315064369        0.0035946126
190.0000        0.0315739831        0.0035966029
190.5000        0.0316415299        0.0035985904
191.0000        0.0317090776        0.0036005736
191.5000        0.0317766265        0.0036025507
192.0000        0.0318441771        0.0036045196
192.5000        0.0319117297        0.0036064785
193.0000        0.0319792846        0.0036084258
193.5000        0.0320468422        0.0036103601
194.0000        0.0321144027        0.0036122803
194.5000        0.0321819660        0.0036141862
195.0000        0.0322495323        0.0036160777
195.5000        0.0323171014        0.0036179556
196.0000        0.0323846729        0.0036198211
196.5000        0.0324522467        0.0036216759
197.0000        0.0325198223        0.0036235219
197.5000        0.0325873993        0.0036253615
198.0000        0.0326549771        0.0036271968
198.5000        0.0327225555        0.0036290299
199.0000        0.0327901340        0.0036308624
199.5000        0.0328577123        0.0036326958
200.0000        0.0329252903        0.0036345308
200.5000        0.0329928680        0.0036363674
201.0000        0.0330604453        0.0036382053
201.5000        0.0331280226        0.0036400433
202.0000        0.0331956000        0.0036418799
202.5000        0.0332631778        0.0036437135
203.0000        0.0333307566        0.0036455419
203.5000        0.0333983366        0.0036473632
204.0000        0.0334659182        0.0036491758
204.5000        0.0335335017        0.0036509783
205.0000        0.0336010872        0.0036527697
205.5000        0.0336686750        0.0036545499
206.0000        0.0337362649        0.0036563190
206.5000        0.0338038568        0.0036580777
207.0000        0.0338714505        0.0036598274
207.5000        0.0339390457        0.0036615694
208.0000        0.0340066422        0.0036633055
208.5000        0.0340742395        0.0036650375
209.0000        0.0341418374        0.0036667667
209.5000        0.0342094355        0.0036684946
210.0000        0.0342770336        0.0036702221
210.5000        0.0343446317        0.0036719496
211.0000        0.0344122296        0.0036736772
211.5000        0.0344798274        0.0036754047
212.0000        0.0345474252        0.0036771314
212.5000        0.0346150232        0.0036788562
213.0000        0.0346826217        0.0036805781
213.5000        0.0347502208        0.0036822958
214.0000        0.0348178209        0.0036840082
214.5000        0.0348854223        0.0036857140
215.0000        0.0349530250        0.0036874124
215.5000        0.0350206293        0.0036891026
216.0000        0.0350882352        0.0036907843
216.5000        0.0351558427        0.0036924575
217.0000        0.0352234518        0.0036941225
217.5000        0.0352910622        0.0036957803
218.0000        0.0353586736        0.0036974319
218.5000        0.0354262859        0.0036990789
219.0000        0.0354938986        0.0037007228
219.5000        0.0355615114        0.0037023655
220.0000        0.0356291241        0.0037040083
220.5000        0.0356967364        0.0037056524
221.0000        0.0357643483        0.0037072985
221.5000        0.0358319598        0.0037089462
222.0000        0.0358995712        0.0037105948
222.5000        0.0359671828        0.0037122426
223.0000        0.0360347949        0.0037138873
223.5000        0.0361024081        0.0037155264
224.0000        0.0361700227        0.0037171575
224.5000        0.0362376391        0.0037187786
225.0000        0.0363052574        0.0037203886
225.5000        0.0363728777        0.0037219875
226.0000        0.0364404996        0.0037235764
226.5000        0.0365081227        0.0037251578
227.0000        0.0365757465        0.0037267348
227.5000        0.0366433703        0.0037283110
228.0000        0.0367109937        0.0037298897
228.5000        0.0367786161        0.0037314734
229.0000        0.0368462375        0.0037330631
229.5000        0.0369138581        0.0037346582
230.0000        0.0369814781        0.0037362566
230.5000        0.0370490981        0.0037378546
231.0000        0.0371167191        0.0037394478
231.5000        0.0371843415        0.0037410321
232.0000        0.0372519660        0.0037426040
232.5000        0.0373195928        0.0037441619
233.0000        0.0373872218        0.0037457061
233.5000        0.0374548527        0.0037472392
234.0000        0.0375224846        0.0037487653
234.5000        0.0375901168        0.0037502896
235.0000        0.0376577484        0.0037518172
235.5000        0.0377253788        0.0037533518
236.0000        0.0377930079        0.0037548953
236.5000        0.0378606356        0.0037564469
237.0000        0.0379282625        0.0037580034
237.5000        0.0379958894        0.0037595598
238.0000        0.0380635173        0.0037611103
238.5000        0.0381311470        0.0037626496
239.0000        0.0381987790        0.0037641742
239.5000        0.0382664135        0.0037656833
240.0000        0.0383340500        0.0037671789
240.5000        0.0384016881        0.0037686656
241.0000        0.0384693265        0.0037701494
241.5000        0.0385369645        0.0037716364
242.0000        0.0386046012        0.0037731313
242.5000        0.0386722364        0.0037746362
243.0000        0.0387398702        0.0037761499
243.5000        0.0388075031        0.0037776687
244.0000        0.0388751362        0.0037791864
244.5000        0.0389427704        0.0037806969
245.0000        0.0390104065        0.0037821949
245.5000        0.0390780449        0.0037836777
246.0000        0.0391456856        0.0037851458
246.5000        0.0392133281        0.0037866031
247.0000        0.0392809713        0.0037880553
247.5000        0.0393486144        0.0037895089
248.0000        0.0394162565        0.0037909690
248.5000        0.0394838971        0.0037924384
249.0000        0.0395515364        0.0037939164
249.5000        0.0396191749        0.0037953994
250.0000        0.0396868135        0.0037968817
250.5000        0.0397544530        0.0037983572
251.0000        0.0398220943        0.0037998210
251.5000        0.0398897376        0.0038012711
252.0000        0.0399573829        0.0038027087
252.5000        0.0400250295        0.0038041377
253.0000        0.0400926766        0.0038055638
253.5000        0.0401603234        0.0038069926
254.0000        0.0402279692        0.0038084279
254.5000        0.0402956138        0.0038098709
255.0000        0.0403632575        0.0038113196
255.5000        0.0404309009        0.0038127696
256.0000        0.0404985449        0.0038142158
256.5000        0.0405661900        0.0038156535
257.0000        0.0406338368        0.0038170802
257.5000        0.0407014853        0.0038184961
258.0000        0.0407691350        0.0038199040
258.5000        0.0408367853        0.0038213081
259.0000        0.0409044355        0.0038227131
259.5000        0.0409720851        0.0038241223
260.0000        0.0410397339        0.0038255368
260.5000        0.0411073820        0.0038269554
261.0000        0.0411750299        0.0038283748
261.5000        0.0412426782        0.0038297912
262.0000        0.0413103275        0.0038312009
262.5000        0.0413779780        0.0038326021
263.0000        0.0414456298        0.0038339950
263.5000        0.0415132826        0.0038353814
264.0000        0.0415809359        0.0038367646
264.5000        0.0416485892        0.0038381480
265.0000        0.0417162421        0.0038395341
265.5000        0.0417838944        0.0038409236
266.0000        0.0418515463        0.0038423158
266.5000        0.0419191981        0.0038437081
267.0000        0.0419868503        0.0038450974
267.5000        0.0420545033        0.0038464811
268.0000        0.0421221575        0.0038478573
268.5000        0.0421898128        0.0038492262
269.0000        0.0422574689        0.0038505897
269.5000        0.0423251253        0.0038519507
270.0000        0.0423927816        0.0038533124
270.5000        0.0424604374        0.0038546773
271.0000        0.0425280926        0.0038560458
271.5000        0.0425957474        0.0038574165
272.0000        0.0426634025        0.0038587862
272.5000        0.0427310582        0.0038601510
273.0000        0.0427987151        0.0038615082
273.5000        0.0428663732        0.0038628569
274.0000        0.0429340322        0.0038641989
274.5000        0.0430016917        0.0038655380
275.0000        0.0430693508        0.0038668787
275.5000        0.0431370093        0.0038682242
276.0000        0.0432046669        0.0038695748
276.5000        0.0432723243        0.0038709280
277.0000        0.0433399820        0.0038722789
277.5000        0.0434076407        0.0038736225
278.0000        0.0434753009        0.0038749560
278.5000        0.0435429623        0.0038762804
279.0000        0.0436106244        0.0038775999
279.5000        0.0436782863        0.0038789204
280.0000        0.0437459474        0.0038802467
280.5000        0.0438136075        0.0038815800
281.0000        0.0438812670        0.0038829173
281.5000        0.0439489269        0.0038842525
282.0000        0.0440165879        0.0038855796
282.5000        0.0440842505        0.0038868952
283.0000        0.0441519144        0.0038882010
283.5000        0.0442195788        0.0038895025
284.0000        0.0442872429        0.0038908069
284.5000        0.0443549059        0.0038921189
285.0000        0.0444225679        0.0038934385
285.5000        0.0444902295        0.0038947608
286.0000        0.0445578918        0.0038960782
286.5000        0.0446255556        0.0038973848
287.0000        0.0446932209        0.0038986795
287.5000        0.0447608873        0.0038999665
288.0000        0.0448285537        0.0039012534
288.5000        0.0448962192        0.0039025470
289.0000        0.0449638835        0.0039038494
289.5000        0.0450315472        0.0039051568
290.0000        0.0450992112        0.0039064616
290.5000        0.0451668764        0.0039077567
291.0000        0.0452345433        0.0039090394
291.5000        0.0453022114        0.0039103133
292.0000        0.0453698797        0.0039115861
292.5000        0.0454375471        0.0039128650
293.0000        0.0455052134        0.0039141526
293.5000        0.0455728790        0.0039154455
294.0000        0.0456405449        0.0039167359
294.5000        0.0457082120        0.0039180168
295.0000        0.0457758807        0.0039192859
295.5000        0.0458435504        0.0039205470
296.0000        0.0459112202        0.0039218080
296.5000        0.0459788892        0.0039230753
297.0000        0.0460465571        0.0039243507
297.5000        0.0461142245        0.0039256295
298.0000        0.0461818924        0.0039269042
298.5000        0.0462495617        0.0039281689
299.0000        0.0463172322        0.0039294233
299.5000        0.0463849035        0.0039306725
300.0000        0.0464525745        0.0039319239
